
outputs: 1 5004 37377642
mult:5004 1 352

outputs: 1 5069 37377642
mult:5069 1 319

outputs: 1 7044 37377642
mult:7044 1 373

outputs: 1 9919 37377642
mult:9919 1 314

outputs: 1 14520 37377642
mult:14520 1 288

outputs: 1 19419 37377642
mult:19419 1 290

outputs: 1 27294 37377642
mult:27294 1 266

outputs: 1 35389 37377642
mult:35389 1 327

outputs: 1 38502 37377642
mult:38502 1 298

outputs: 1 48857 37377642
mult:48857 1 313

outputs: 1 58400 37377642
mult:58400 1 285

outputs: 1 68097 37377642
mult:68097 1 296

outputs: 1 85362 37377642
mult:85362 1 288

outputs: 1 89543 37377642
mult:89543 1 282

outputs: 1 102300 37377642
mult:102300 1 390

outputs: 1 105041 37377642
mult:105041 1 445

outputs: 1 105366 37377642
mult:105366 1 320

outputs: 1 112351 37377642
mult:112351 1 432

outputs: 1 113090 37377642
mult:113090 1 468

outputs: 1 119145 37377642
mult:119145 1 291

outputs: 1 120936 37377642
mult:120936 1 366

outputs: 1 121165 37377642
mult:121165 1 293

outputs: 1 121258 37377642
mult:121258 1 251

outputs: 1 144615 37377642
mult:144615 1 403

outputs: 1 146546 37377642
mult:146546 1 485

outputs: 1 156369 37377642
mult:156369 1 255

outputs: 1 156708 37377642
mult:156708 1 292

outputs: 1 158865 37377642
mult:158865 1 282

outputs: 1 160536 37377642
mult:160536 1 292

outputs: 1 169679 37377642
mult:169679 1 429

outputs: 1 172414 37377642
mult:172414 1 370

outputs: 1 172829 37377642
mult:172829 1 330

outputs: 1 175204 37377642
mult:175204 1 257

outputs: 1 177009 37377642
mult:177009 1 574

outputs: 1 180546 37377642
mult:180546 1 298

outputs: 1 184613 37377642
mult:184613 1 492

outputs: 1 185424 37377642
mult:185424 1 522

outputs: 1 185803 37377642
mult:185803 1 382

outputs: 1 190622 37377642
mult:190622 1 538

outputs: 1 192109 37377642
mult:192109 1 478

outputs: 1 194316 37377642
mult:194316 1 591

outputs: 1 205787 37377642
mult:205787 1 403

outputs: 1 207038 37377642
mult:207038 1 338

outputs: 1 207533 37377642
mult:207533 1 260

outputs: 1 218644 37377642
mult:218644 1 257

outputs: 1 236125 37377642
mult:236125 1 384

outputs: 1 243998 37377642
mult:243998 1 652

outputs: 1 246841 37377642
mult:246841 1 413

outputs: 1 247198 37377642
mult:247198 1 492

outputs: 1 250553 37377642
mult:250553 1 506

outputs: 1 251028 37377642
mult:251028 1 462

outputs: 1 255147 37377642
mult:255147 1 393

outputs: 1 260194 37377642
mult:260194 1 446

outputs: 1 263457 37377642
mult:263457 1 420

outputs: 1 264258 37377642
mult:264258 1 505

outputs: 1 269589 37377642
mult:269589 1 276

outputs: 1 283110 37377642
mult:283110 1 411

outputs: 1 283827 37377642
mult:283827 1 294

outputs: 1 284064 37377642
mult:284064 1 389

outputs: 1 286811 37377642
mult:286811 1 385

outputs: 1 292226 37377642
mult:292226 1 500

outputs: 1 295359 37377642
mult:295359 1 430

outputs: 1 300164 37377642
mult:300164 1 335

outputs: 1 302731 37377642
mult:302731 1 393

outputs: 1 304422 37377642
mult:304422 1 297

outputs: 1 313343 37377642
mult:313343 1 320

outputs: 1 318108 37377642
mult:318108 1 419

outputs: 1 318293 37377642
mult:318293 1 370

outputs: 1 323466 37377642
mult:323466 1 1459

outputs: 1 329999 37377642
mult:329999 1 512

outputs: 1 332122 37377642
mult:332122 1 276

outputs: 1 332633 37377642
mult:332633 1 466

outputs: 1 334936 37377642
mult:334936 1 427

outputs: 1 337521 37377642
mult:337521 1 250

outputs: 1 341576 37377642
mult:341576 1 440

outputs: 1 351553 37377642
mult:351553 1 501

outputs: 1 352306 37377642
mult:352306 1 399

outputs: 1 352665 37377642
mult:352665 1 395

outputs: 1 355470 37377642
mult:355470 1 274

outputs: 1 359131 37377642
mult:359131 1 349

outputs: 1 361244 37377642
mult:361244 1 312

outputs: 1 364415 37377642
mult:364415 1 336

outputs: 1 365224 37377642
mult:365224 1 409

outputs: 1 365859 37377642
mult:365859 1 349

outputs: 1 367010 37377642
mult:367010 1 392

outputs: 1 371855 37377642
mult:371855 1 275

outputs: 1 380266 37377642
mult:380266 1 276

outputs: 1 380793 37377642
mult:380793 1 290

outputs: 1 382202 37377642
mult:382202 1 324

outputs: 1 384889 37377642
mult:384889 1 266

outputs: 1 391140 37377642
mult:391140 1 344

outputs: 1 396601 37377642
mult:396601 1 399

outputs: 1 398596 37377642
mult:398596 1 360

outputs: 1 424045 37377642
mult:424045 1 262

outputs: 1 428010 37377642
mult:428010 1 270

outputs: 1 428711 37377642
mult:428711 1 254

outputs: 1 437254 37377642
mult:437254 1 411

outputs: 1 445903 37377642
mult:445903 1 411

outputs: 1 446312 37377642
mult:446312 1 246

outputs: 1 452231 37377642
mult:452231 1 322

outputs: 1 470346 37377642
mult:470346 1 320

outputs: 1 471585 37377642
mult:471585 1 337

outputs: 1 475098 37377642
mult:475098 1 379

outputs: 1 478241 37377642
mult:478241 1 392

outputs: 1 482382 37377642
mult:482382 1 417

outputs: 1 490729 37377642
mult:490729 1 371

outputs: 1 492170 37377642
mult:492170 1 412

outputs: 1 492275 37377642
mult:492275 1 264

outputs: 1 494884 37377642
mult:494884 1 290

outputs: 1 507587 37377642
mult:507587 1 244

outputs: 1 511546 37377642
mult:511546 1 242

outputs: 1 512563 37377642
mult:512563 1 433

outputs: 1 513978 37377642
mult:513978 1 431

outputs: 1 516013 37377642
mult:516013 1 607

outputs: 1 540166 37377642
mult:540166 1 271

outputs: 1 540827 37377642
mult:540827 1 299

outputs: 1 554548 37377642
mult:554548 1 248

outputs: 1 564119 37377642
mult:564119 1 314

outputs: 1 567240 37377642
mult:567240 1 243

outputs: 1 580285 37377642
mult:580285 1 731

outputs: 1 587012 37377642
mult:587012 1 282

outputs: 1 587455 37377642
mult:587455 1 433

outputs: 1 587822 37377642
mult:587822 1 409

outputs: 1 588095 37377642
mult:588095 1 250

outputs: 1 589772 37377642
mult:589772 1 374

outputs: 1 596529 37377642
mult:596529 1 251

outputs: 1 598364 37377642
mult:598364 1 244

outputs: 1 604941 37377642
mult:604941 1 341

outputs: 1 606706 37377642
mult:606706 1 438

outputs: 1 613017 37377642
mult:613017 1 792

outputs: 1 622944 37377642
mult:622944 1 263

outputs: 1 623215 37377642
mult:623215 1 352

outputs: 1 623748 37377642
mult:623748 1 349

outputs: 1 626229 37377642
mult:626229 1 376

outputs: 1 633390 37377642
mult:633390 1 447

outputs: 1 636559 37377642
mult:636559 1 427

outputs: 1 637424 37377642
mult:637424 1 265

outputs: 1 646121 37377642
mult:646121 1 257

outputs: 1 649292 37377642
mult:649292 1 266

outputs: 1 654651 37377642
mult:654651 1 280

outputs: 1 656456 37377642
mult:656456 1 356

outputs: 1 660531 37377642
mult:660531 1 433

outputs: 1 662728 37377642
mult:662728 1 361

outputs: 1 665719 37377642
mult:665719 1 339

outputs: 1 670852 37377642
mult:670852 1 450

outputs: 1 671643 37377642
mult:671643 1 254

outputs: 1 675460 37377642
mult:675460 1 381

outputs: 1 682933 37377642
mult:682933 1 315

outputs: 1 687028 37377642
mult:687028 1 579

outputs: 1 692421 37377642
mult:692421 1 412

outputs: 1 694068 37377642
mult:694068 1 431

outputs: 1 701539 37377642
mult:701539 1 378

outputs: 1 703314 37377642
mult:703314 1 276

outputs: 1 708743 37377642
mult:708743 1 260

outputs: 1 710018 37377642
mult:710018 1 433

outputs: 1 710107 37377642
mult:710107 1 504

outputs: 1 715064 37377642
mult:715064 1 296

outputs: 1 722373 37377642
mult:722373 1 382

outputs: 1 729050 37377642
mult:729050 1 407

outputs: 1 759125 37377642
mult:759125 1 302

outputs: 1 767328 37377642
mult:767328 1 425

outputs: 1 769563 37377642
mult:769563 1 333

outputs: 1 770852 37377642
mult:770852 1 268

outputs: 1 774613 37377642
mult:774613 1 254

outputs: 1 778158 37377642
mult:778158 1 331

outputs: 1 779993 37377642
mult:779993 1 248

outputs: 1 781630 37377642
mult:781630 1 286

outputs: 1 783241 37377642
mult:783241 1 620

outputs: 1 791272 37377642
mult:791272 1 286

outputs: 1 797941 37377642
mult:797941 1 274

outputs: 1 807110 37377642
mult:807110 1 384

outputs: 1 813735 37377642
mult:813735 1 619

outputs: 1 815428 37377642
mult:815428 1 317

outputs: 1 821241 37377642
mult:821241 1 412

outputs: 1 823652 37377642
mult:823652 1 384

outputs: 1 826205 37377642
mult:826205 1 282

outputs: 1 829688 37377642
mult:829688 1 455

outputs: 1 830487 37377642
mult:830487 1 413

outputs: 1 836064 37377642
mult:836064 1 480

outputs: 1 837739 37377642
mult:837739 1 437

outputs: 1 838328 37377642
mult:838328 1 373

outputs: 1 838723 37377642
mult:838723 1 522

outputs: 1 842914 37377642
mult:842914 1 327

outputs: 1 843609 37377642
mult:843609 1 357

outputs: 1 846808 37377642
mult:846808 1 352

outputs: 1 853473 37377642
mult:853473 1 500

outputs: 1 861164 37377642
mult:861164 1 288

outputs: 1 867707 37377642
mult:867707 1 269

outputs: 1 868054 37377642
mult:868054 1 286

outputs: 1 896571 37377642
mult:896571 1 257

outputs: 1 904954 37377642
mult:904954 1 291

outputs: 1 910521 37377642
mult:910521 1 644

outputs: 1 910648 37377642
mult:910648 1 454

outputs: 1 911793 37377642
mult:911793 1 313

outputs: 1 915578 37377642
mult:915578 1 393

outputs: 1 920927 37377642
mult:920927 1 247

outputs: 1 925672 37377642
mult:925672 1 528

outputs: 1 928137 37377642
mult:928137 1 267

outputs: 1 932008 37377642
mult:932008 1 329

outputs: 1 939147 37377642
mult:939147 1 432

outputs: 1 939554 37377642
mult:939554 1 344

outputs: 1 940671 37377642
mult:940671 1 364

outputs: 1 941898 37377642
mult:941898 1 506

outputs: 1 943255 37377642
mult:943255 1 259

outputs: 1 946286 37377642
mult:946286 1 269

outputs: 1 947871 37377642
mult:947871 1 294

outputs: 1 949534 37377642
mult:949534 1 434

outputs: 1 957983 37377642
mult:957983 1 508

outputs: 1 959206 37377642
mult:959206 1 267

outputs: 1 959545 37377642
mult:959545 1 539

outputs: 1 962086 37377642
mult:962086 1 355

outputs: 1 962181 37377642
mult:962181 1 414

outputs: 1 965262 37377642
mult:965262 1 263

outputs: 1 968613 37377642
mult:968613 1 373

outputs: 1 973844 37377642
mult:973844 1 244

outputs: 1 976885 37377642
mult:976885 1 294

outputs: 1 980634 37377642
mult:980634 1 294

outputs: 1 981187 37377642
mult:981187 1 269

outputs: 1 983574 37377642
mult:983574 1 429

outputs: 1 984551 37377642
mult:984551 1 654

outputs: 1 990982 37377642
mult:990982 1 390

outputs: 1 993209 37377642
mult:993209 1 260

outputs: 1 1005160 37377642
mult:1005160 1 407

outputs: 1 1005205 37377642
mult:1005205 1 254

outputs: 1 1014720 37377642
mult:1014720 1 306

outputs: 1 1016901 37377642
mult:1016901 1 401

outputs: 1 1017806 37377642
mult:1017806 1 334

outputs: 1 1024205 37377642
mult:1024205 1 816

outputs: 1 1028620 37377642
mult:1028620 1 451

outputs: 1 1037575 37377642
mult:1037575 1 386

outputs: 1 1038134 37377642
mult:1038134 1 443

outputs: 1 1042215 37377642
mult:1042215 1 307

outputs: 1 1046054 37377642
mult:1046054 1 350

outputs: 1 1046747 37377642
mult:1046747 1 283

outputs: 1 1046960 37377642
mult:1046960 1 356

outputs: 1 1047407 37377642
mult:1047407 1 410

outputs: 1 1048198 37377642
mult:1048198 1 276

outputs: 1 1055521 37377642
mult:1055521 1 243

outputs: 1 1055986 37377642
mult:1055986 1 467

outputs: 1 1056125 37377642
mult:1056125 1 340

outputs: 1 1067074 37377642
mult:1067074 1 269

outputs: 1 1067547 37377642
mult:1067547 1 277

outputs: 1 1075578 37377642
mult:1075578 1 379

outputs: 1 1085395 37377642
mult:1085395 1 516

outputs: 1 1088790 37377642
mult:1088790 1 322

outputs: 1 1095767 37377642
mult:1095767 1 488

outputs: 1 1114140 37377642
mult:1114140 1 173

outputs: 1 1115201 37377642
mult:1115201 1 363

outputs: 1 1136198 37377642
mult:1136198 1 533

outputs: 1 1136273 37377642
mult:1136273 1 277

outputs: 1 1136830 37377642
mult:1136830 1 414

outputs: 1 1136921 37377642
mult:1136921 1 402

outputs: 1 1149540 37377642
mult:1149540 1 369

outputs: 1 1156113 37377642
mult:1156113 1 269

outputs: 1 1159706 37377642
mult:1159706 1 1042

outputs: 1 1159719 37377642
mult:1159719 1 270

outputs: 1 1161918 37377642
mult:1161918 1 267

outputs: 1 1166037 37377642
mult:1166037 1 441

outputs: 1 1167302 37377642
mult:1167302 1 452

outputs: 1 1167563 37377642
mult:1167563 1 241

outputs: 1 1170758 37377642
mult:1170758 1 502

outputs: 1 1171425 37377642
mult:1171425 1 472

outputs: 1 1173780 37377642
mult:1173780 1 247

outputs: 1 1175975 37377642
mult:1175975 1 358

outputs: 1 1178380 37377642
mult:1178380 1 277

outputs: 1 1180175 37377642
mult:1180175 1 501

outputs: 1 1181008 37377642
mult:1181008 1 250

outputs: 1 1186597 37377642
mult:1186597 1 414

outputs: 1 1187126 37377642
mult:1187126 1 408

outputs: 1 1197577 37377642
mult:1197577 1 435

outputs: 1 1198828 37377642
mult:1198828 1 297

outputs: 1 1202327 37377642
mult:1202327 1 381

outputs: 1 1206202 37377642
mult:1206202 1 454

outputs: 1 1207537 37377642
mult:1207537 1 312

outputs: 1 1212950 37377642
mult:1212950 1 266

outputs: 1 1212961 37377642
mult:1212961 1 383

outputs: 1 1228674 37377642
mult:1228674 1 694

outputs: 1 1246969 37377642
mult:1246969 1 297

outputs: 1 1247342 37377642
mult:1247342 1 318

outputs: 1 1248289 37377642
mult:1248289 1 385

outputs: 1 1250786 37377642
mult:1250786 1 288

outputs: 1 1260911 37377642
mult:1260911 1 409

outputs: 1 1266836 37377642
mult:1266836 1 385

outputs: 1 1269629 37377642
mult:1269629 1 406

outputs: 1 1272528 37377642
mult:1272528 1 254

outputs: 1 1277565 37377642
mult:1277565 1 432

outputs: 1 1287896 37377642
mult:1287896 1 367

outputs: 1 1291263 37377642
mult:1291263 1 262

outputs: 1 1294326 37377642
mult:1294326 1 323

outputs: 1 1300501 37377642
mult:1300501 1 670

outputs: 1 1301302 37377642
mult:1301302 1 420

outputs: 1 1313109 37377642
mult:1313109 1 329

outputs: 1 1313954 37377642
mult:1313954 1 418

outputs: 1 1319719 37377642
mult:1319719 1 432

outputs: 1 1320226 37377642
mult:1320226 1 454

outputs: 1 1325143 37377642
mult:1325143 1 260

outputs: 1 1333010 37377642
mult:1333010 1 461

outputs: 1 1335967 37377642
mult:1335967 1 309

outputs: 1 1340288 37377642
mult:1340288 1 363

outputs: 1 1341733 37377642
mult:1341733 1 392

outputs: 1 1345784 37377642
mult:1345784 1 341

outputs: 1 1354773 37377642
mult:1354773 1 301

outputs: 1 1360876 37377642
mult:1360876 1 522

outputs: 1 1365499 37377642
mult:1365499 1 412

outputs: 1 1374424 37377642
mult:1374424 1 282

outputs: 1 1377955 37377642
mult:1377955 1 379

outputs: 1 1378068 37377642
mult:1378068 1 292

outputs: 1 1383061 37377642
mult:1383061 1 273

outputs: 1 1383860 37377642
mult:1383860 1 253

outputs: 1 1386391 37377642
mult:1386391 1 243

outputs: 1 1387472 37377642
mult:1387472 1 368

outputs: 1 1389999 37377642
mult:1389999 1 253

outputs: 1 1397514 37377642
mult:1397514 1 376

outputs: 1 1400771 37377642
mult:1400771 1 538

outputs: 1 1409934 37377642
mult:1409934 1 483

outputs: 1 1418703 37377642
mult:1418703 1 252

outputs: 1 1432638 37377642
mult:1432638 1 272

outputs: 1 1433281 37377642
mult:1433281 1 301

outputs: 1 1433330 37377642
mult:1433330 1 355

outputs: 1 1434317 37377642
mult:1434317 1 441

outputs: 1 1436090 37377642
mult:1436090 1 287

outputs: 1 1441589 37377642
mult:1441589 1 468

outputs: 1 1442492 37377642
mult:1442492 1 428

outputs: 1 1443481 37377642
mult:1443481 1 257

outputs: 1 1448348 37377642
mult:1448348 1 377

outputs: 1 1452667 37377642
mult:1452667 1 314

outputs: 1 1453824 37377642
mult:1453824 1 269

outputs: 1 1463567 37377642
mult:1463567 1 396

outputs: 1 1465804 37377642
mult:1465804 1 274

outputs: 1 1466469 37377642
mult:1466469 1 329

outputs: 1 1468122 37377642
mult:1468122 1 613

outputs: 1 1469475 37377642
mult:1469475 1 516

outputs: 1 1469912 37377642
mult:1469912 1 701

outputs: 1 1477961 37377642
mult:1477961 1 766

outputs: 1 1482160 37377642
mult:1482160 1 605

outputs: 1 1482503 37377642
mult:1482503 1 335

outputs: 1 1489902 37377642
mult:1489902 1 411

outputs: 1 1509817 37377642
mult:1509817 1 436

outputs: 1 1516226 37377642
mult:1516226 1 262

outputs: 1 1517487 37377642
mult:1517487 1 251

outputs: 1 1520374 37377642
mult:1520374 1 425

outputs: 1 1533505 37377642
mult:1533505 1 278

outputs: 1 1538358 37377642
mult:1538358 1 298

outputs: 1 1545855 37377642
mult:1545855 1 278

outputs: 1 1547214 37377642
mult:1547214 1 248

outputs: 1 1547533 37377642
mult:1547533 1 242

outputs: 1 1548592 37377642
mult:1548592 1 267

outputs: 1 1551633 37377642
mult:1551633 1 311

outputs: 1 1552176 37377642
mult:1552176 1 263

outputs: 1 1556315 37377642
mult:1556315 1 328

outputs: 1 1556796 37377642
mult:1556796 1 374

outputs: 1 1557637 37377642
mult:1557637 1 269

outputs: 1 1558262 37377642
mult:1558262 1 356

outputs: 1 1563561 37377642
mult:1563561 1 429

outputs: 1 1572470 37377642
mult:1572470 1 412

outputs: 1 1574307 37377642
mult:1574307 1 296

outputs: 1 1591378 37377642
mult:1591378 1 729

outputs: 1 1594417 37377642
mult:1594417 1 272

outputs: 1 1598294 37377642
mult:1598294 1 533

outputs: 1 1601035 37377642
mult:1601035 1 276

outputs: 1 1604352 37377642
mult:1604352 1 323

outputs: 1 1613757 37377642
mult:1613757 1 474

outputs: 1 1614230 37377642
mult:1614230 1 519

outputs: 1 1618331 37377642
mult:1618331 1 303

outputs: 1 1625728 37377642
mult:1625728 1 654

outputs: 1 1625861 37377642
mult:1625861 1 258

outputs: 1 1626494 37377642
mult:1626494 1 333

outputs: 1 1639527 37377642
mult:1639527 1 294

outputs: 1 1642012 37377642
mult:1642012 1 370

outputs: 1 1642281 37377642
mult:1642281 1 237

outputs: 1 1646172 37377642
mult:1646172 1 376

outputs: 1 1654995 37377642
mult:1654995 1 353

outputs: 1 1665730 37377642
mult:1665730 1 305

outputs: 1 1683299 37377642
mult:1683299 1 284

outputs: 1 1684486 37377642
mult:1684486 1 488

outputs: 1 1688551 37377642
mult:1688551 1 192

outputs: 1 1692330 37377642
mult:1692330 1 267

outputs: 1 1693915 37377642
mult:1693915 1 448

outputs: 1 1696080 37377642
mult:1696080 1 413

outputs: 1 1696197 37377642
mult:1696197 1 249

outputs: 1 1698156 37377642
mult:1698156 1 273

outputs: 1 1698191 37377642
mult:1698191 1 282

outputs: 1 1716826 37377642
mult:1716826 1 338

outputs: 1 1725911 37377642
mult:1725911 1 463

outputs: 1 1730012 37377642
mult:1730012 1 514

outputs: 1 1734327 37377642
mult:1734327 1 383

outputs: 1 1741232 37377642
mult:1741232 1 290

outputs: 1 1742107 37377642
mult:1742107 1 268

outputs: 1 1742756 37377642
mult:1742756 1 329

outputs: 1 1742801 37377642
mult:1742801 1 365

outputs: 1 1748734 37377642
mult:1748734 1 305

outputs: 1 1755175 37377642
mult:1755175 1 469

outputs: 1 1758706 37377642
mult:1758706 1 258

outputs: 1 1759211 37377642
mult:1759211 1 395

outputs: 1 1765962 37377642
mult:1765962 1 419

outputs: 1 1766889 37377642
mult:1766889 1 322

outputs: 1 1769124 37377642
mult:1769124 1 250

outputs: 1 1770811 37377642
mult:1770811 1 447

outputs: 1 1771672 37377642
mult:1771672 1 277

outputs: 1 1808333 37377642
mult:1808333 1 428

outputs: 1 1809038 37377642
mult:1809038 1 270

outputs: 1 1811621 37377642
mult:1811621 1 268

outputs: 1 1814130 37377642
mult:1814130 1 249

outputs: 1 1814247 37377642
mult:1814247 1 528

outputs: 1 1816968 37377642
mult:1816968 1 308

outputs: 1 1817375 37377642
mult:1817375 1 326

outputs: 1 1826428 37377642
mult:1826428 1 522

outputs: 1 1830627 37377642
mult:1830627 1 298

outputs: 1 1835114 37377642
mult:1835114 1 403

outputs: 1 1839611 37377642
mult:1839611 1 267

outputs: 1 1841702 37377642
mult:1841702 1 377

outputs: 1 1845189 37377642
mult:1845189 1 256

outputs: 1 1867178 37377642
mult:1867178 1 432

outputs: 1 1874181 37377642
mult:1874181 1 256

outputs: 1 1874872 37377642
mult:1874872 1 360

outputs: 1 1876125 37377642
mult:1876125 1 470

outputs: 1 1879570 37377642
mult:1879570 1 384

outputs: 1 1895729 37377642
mult:1895729 1 356

outputs: 1 1897590 37377642
mult:1897590 1 290

outputs: 1 1900907 37377642
mult:1900907 1 314

outputs: 1 1915290 37377642
mult:1915290 1 375

outputs: 1 1919785 37377642
mult:1919785 1 376

outputs: 1 1928514 37377642
mult:1928514 1 395

outputs: 1 1931627 37377642
mult:1931627 1 297

outputs: 1 1933756 37377642
mult:1933756 1 292

outputs: 1 1934155 37377642
mult:1934155 1 305

outputs: 1 1934860 37377642
mult:1934860 1 296

outputs: 1 1936087 37377642
mult:1936087 1 250

outputs: 1 1941942 37377642
mult:1941942 1 364

outputs: 1 1946505 37377642
mult:1946505 1 419

outputs: 1 1947110 37377642
mult:1947110 1 475

outputs: 1 1951267 37377642
mult:1951267 1 316

outputs: 1 1953568 37377642
mult:1953568 1 547

outputs: 1 1956797 37377642
mult:1956797 1 340

outputs: 1 1962710 37377642
mult:1962710 1 360

outputs: 1 1970779 37377642
mult:1970779 1 247

outputs: 1 1973140 37377642
mult:1973140 1 388

outputs: 1 1976191 37377642
mult:1976191 1 459

outputs: 1 1984782 37377642
mult:1984782 1 249

outputs: 1 1985487 37377642
mult:1985487 1 480

outputs: 1 1989010 37377642
mult:1989010 1 271

outputs: 1 1991253 37377642
mult:1991253 1 537

outputs: 1 2002354 37377642
mult:2002354 1 382

outputs: 1 2003537 37377642
mult:2003537 1 519

outputs: 1 2033902 37377642
mult:2033902 1 319

outputs: 1 2035223 37377642
mult:2035223 1 355

outputs: 1 2036504 37377642
mult:2036504 1 476

outputs: 1 2040857 37377642
mult:2040857 1 263

outputs: 1 2041292 37377642
mult:2041292 1 376

outputs: 1 2044285 37377642
mult:2044285 1 332

outputs: 1 2044294 37377642
mult:2044294 1 289

outputs: 1 2046683 37377642
mult:2046683 1 324

outputs: 1 2047346 37377642
mult:2047346 1 297

outputs: 1 2049349 37377642
mult:2049349 1 274

outputs: 1 2065976 37377642
mult:2065976 1 272

outputs: 1 2070087 37377642
mult:2070087 1 450

outputs: 1 2078940 37377642
mult:2078940 1 454

outputs: 1 2089167 37377642
mult:2089167 1 260

outputs: 1 2092502 37377642
mult:2092502 1 367

outputs: 1 2094737 37377642
mult:2094737 1 616

outputs: 1 2099138 37377642
mult:2099138 1 258

outputs: 1 2108657 37377642
mult:2108657 1 390

outputs: 1 2111604 37377642
mult:2111604 1 424

outputs: 1 2112521 37377642
mult:2112521 1 505

outputs: 1 2116308 37377642
mult:2116308 1 252

outputs: 1 2121099 37377642
mult:2121099 1 400

outputs: 1 2129902 37377642
mult:2129902 1 553

outputs: 1 2137827 37377642
mult:2137827 1 411

outputs: 1 2140084 37377642
mult:2140084 1 425

outputs: 1 2141087 37377642
mult:2141087 1 803

outputs: 1 2142762 37377642
mult:2142762 1 411

outputs: 1 2144135 37377642
mult:2144135 1 253

outputs: 1 2161868 37377642
mult:2161868 1 262

outputs: 1 2169301 37377642
mult:2169301 1 469

outputs: 1 2171846 37377642
mult:2171846 1 449

outputs: 1 2179519 37377642
mult:2179519 1 245

outputs: 1 2179646 37377642
mult:2179646 1 324

outputs: 1 2183281 37377642
mult:2183281 1 263

outputs: 1 2184796 37377642
mult:2184796 1 370

outputs: 1 2186405 37377642
mult:2186405 1 455

outputs: 1 2188108 37377642
mult:2188108 1 471

outputs: 1 2194193 37377642
mult:2194193 1 374

outputs: 1 2199718 37377642
mult:2199718 1 307

outputs: 1 2204421 37377642
mult:2204421 1 375

outputs: 1 2208312 37377642
mult:2208312 1 334

outputs: 1 2224599 37377642
mult:2224599 1 372

outputs: 1 2239690 37377642
mult:2239690 1 317

outputs: 1 2240281 37377642
mult:2240281 1 399

outputs: 1 2244016 37377642
mult:2244016 1 289

outputs: 1 2245761 37377642
mult:2245761 1 469

outputs: 1 2248620 37377642
mult:2248620 1 1107

outputs: 1 2258725 37377642
mult:2258725 1 651

outputs: 1 2266776 37377642
mult:2266776 1 349

outputs: 1 2273299 37377642
mult:2273299 1 433

outputs: 1 2279838 37377642
mult:2279838 1 354

outputs: 1 2280621 37377642
mult:2280621 1 280

outputs: 1 2292124 37377642
mult:2292124 1 251

outputs: 1 2295231 37377642
mult:2295231 1 244

outputs: 1 2300618 37377642
mult:2300618 1 266

outputs: 1 2301033 37377642
mult:2301033 1 381

outputs: 1 2303298 37377642
mult:2303298 1 305

outputs: 1 2307827 37377642
mult:2307827 1 268

outputs: 1 2310338 37377642
mult:2310338 1 330

outputs: 1 2311081 37377642
mult:2311081 1 333

outputs: 1 2317694 37377642
mult:2317694 1 365

outputs: 1 2326561 37377642
mult:2326561 1 441

outputs: 1 2333618 37377642
mult:2333618 1 479

outputs: 1 2345421 37377642
mult:2345421 1 438

outputs: 1 2357224 37377642
mult:2357224 1 375

outputs: 1 2358047 37377642
mult:2358047 1 699

outputs: 1 2360176 37377642
mult:2360176 1 254

outputs: 1 2370221 37377642
mult:2370221 1 345

outputs: 1 2374970 37377642
mult:2374970 1 302

outputs: 1 2382667 37377642
mult:2382667 1 318

outputs: 1 2388608 37377642
mult:2388608 1 364

outputs: 1 2400937 37377642
mult:2400937 1 352

outputs: 1 2401058 37377642
mult:2401058 1 493

outputs: 1 2410493 37377642
mult:2410493 1 430

outputs: 1 2412836 37377642
mult:2412836 1 477

outputs: 1 2412895 37377642
mult:2412895 1 1083

outputs: 1 2413442 37377642
mult:2413442 1 728

outputs: 1 2416147 37377642
mult:2416147 1 247

outputs: 1 2417772 37377642
mult:2417772 1 303

outputs: 1 2420135 37377642
mult:2420135 1 331

outputs: 1 2424110 37377642
mult:2424110 1 428

outputs: 1 2424659 37377642
mult:2424659 1 253

outputs: 1 2425866 37377642
mult:2425866 1 253

outputs: 1 2429151 37377642
mult:2429151 1 320

outputs: 1 2433608 37377642
mult:2433608 1 452

outputs: 1 2451107 37377642
mult:2451107 1 295

outputs: 1 2467408 37377642
mult:2467408 1 321

outputs: 1 2467857 37377642
mult:2467857 1 314

outputs: 1 2469764 37377642
mult:2469764 1 733

outputs: 1 2473449 37377642
mult:2473449 1 271

outputs: 1 2476272 37377642
mult:2476272 1 428

outputs: 1 2484741 37377642
mult:2484741 1 382

outputs: 1 2486986 37377642
mult:2486986 1 340

outputs: 1 2491349 37377642
mult:2491349 1 308

outputs: 1 2499466 37377642
mult:2499466 1 288

outputs: 1 2499693 37377642
mult:2499693 1 584

outputs: 1 2508364 37377642
mult:2508364 1 416

outputs: 1 2512867 37377642
mult:2512867 1 250

outputs: 1 2517178 37377642
mult:2517178 1 350

outputs: 1 2522827 37377642
mult:2522827 1 431

outputs: 1 2540884 37377642
mult:2540884 1 303

outputs: 1 2540993 37377642
mult:2540993 1 421

outputs: 1 2546156 37377642
mult:2546156 1 494

outputs: 1 2550013 37377642
mult:2550013 1 303

outputs: 1 2561720 37377642
mult:2561720 1 323

outputs: 1 2563899 37377642
mult:2563899 1 353

outputs: 1 2568064 37377642
mult:2568064 1 370

outputs: 1 2569029 37377642
mult:2569029 1 326

outputs: 1 2569540 37377642
mult:2569540 1 337

outputs: 1 2571041 37377642
mult:2571041 1 269

outputs: 1 2579032 37377642
mult:2579032 1 433

outputs: 1 2580257 37377642
mult:2580257 1 334

outputs: 1 2582048 37377642
mult:2582048 1 452

outputs: 1 2584721 37377642
mult:2584721 1 397

outputs: 1 2586794 37377642
mult:2586794 1 329

outputs: 1 2594097 37377642
mult:2594097 1 293

outputs: 1 2596334 37377642
mult:2596334 1 292

outputs: 1 2619021 37377642
mult:2619021 1 329

outputs: 1 2623048 37377642
mult:2623048 1 364

outputs: 1 2629419 37377642
mult:2629419 1 396

outputs: 1 2629618 37377642
mult:2629618 1 295

outputs: 1 2634573 37377642
mult:2634573 1 407

outputs: 1 2638902 37377642
mult:2638902 1 358

outputs: 1 2639377 37377642
mult:2639377 1 332

outputs: 1 2651858 37377642
mult:2651858 1 605

outputs: 1 2652673 37377642
mult:2652673 1 338

outputs: 1 2663186 37377642
mult:2663186 1 436

outputs: 1 2673963 37377642
mult:2673963 1 357

outputs: 1 2678402 37377642
mult:2678402 1 388

outputs: 1 2681543 37377642
mult:2681543 1 283

outputs: 1 2682104 37377642
mult:2682104 1 401

outputs: 1 2683015 37377642
mult:2683015 1 330

outputs: 1 2690612 37377642
mult:2690612 1 346

outputs: 1 2694781 37377642
mult:2694781 1 340

outputs: 1 2696704 37377642
mult:2696704 1 347

outputs: 1 2714169 37377642
mult:2714169 1 549

outputs: 1 2723358 37377642
mult:2723358 1 252

outputs: 1 2723947 37377642
mult:2723947 1 379

outputs: 1 2723974 37377642
mult:2723974 1 330

outputs: 1 2726761 37377642
mult:2726761 1 244

outputs: 1 2726970 37377642
mult:2726970 1 583

outputs: 1 2736713 37377642
mult:2736713 1 269

outputs: 1 2740046 37377642
mult:2740046 1 499

outputs: 1 2741093 37377642
mult:2741093 1 274

outputs: 1 2772556 37377642
mult:2772556 1 269

outputs: 1 2772953 37377642
mult:2772953 1 499

outputs: 1 2773812 37377642
mult:2773812 1 289

outputs: 1 2774481 37377642
mult:2774481 1 271

outputs: 1 2776362 37377642
mult:2776362 1 255

outputs: 1 2777997 37377642
mult:2777997 1 468

outputs: 1 2778090 37377642
mult:2778090 1 502

outputs: 1 2778345 37377642
mult:2778345 1 384

outputs: 1 2783362 37377642
mult:2783362 1 383

outputs: 1 2783851 37377642
mult:2783851 1 320

outputs: 1 2785608 37377642
mult:2785608 1 246

outputs: 1 2786123 37377642
mult:2786123 1 250

outputs: 1 2788356 37377642
mult:2788356 1 297

outputs: 1 2790161 37377642
mult:2790161 1 403

outputs: 1 2794480 37377642
mult:2794480 1 335

outputs: 1 2795809 37377642
mult:2795809 1 464

outputs: 1 2801758 37377642
mult:2801758 1 636

outputs: 1 2803155 37377642
mult:2803155 1 396

outputs: 1 2806678 37377642
mult:2806678 1 362

outputs: 1 2813187 37377642
mult:2813187 1 276

outputs: 1 2817380 37377642
mult:2817380 1 270

outputs: 1 2817805 37377642
mult:2817805 1 365

outputs: 1 2820514 37377642
mult:2820514 1 383

outputs: 1 2831129 37377642
mult:2831129 1 513

outputs: 1 2849858 37377642
mult:2849858 1 487

outputs: 1 2849953 37377642
mult:2849953 1 307

outputs: 1 2869182 37377642
mult:2869182 1 243

outputs: 1 2870201 37377642
mult:2870201 1 274

outputs: 1 2874212 37377642
mult:2874212 1 406

outputs: 1 2876115 37377642
mult:2876115 1 337

outputs: 1 2879360 37377642
mult:2879360 1 271

outputs: 1 2884679 37377642
mult:2884679 1 485

outputs: 1 2887700 37377642
mult:2887700 1 264

outputs: 1 2889603 37377642
mult:2889603 1 322

outputs: 1 2891812 37377642
mult:2891812 1 261

outputs: 1 2894999 37377642
mult:2894999 1 367

outputs: 1 2898064 37377642
mult:2898064 1 363

outputs: 1 2899559 37377642
mult:2899559 1 274

outputs: 1 2902086 37377642
mult:2902086 1 337

outputs: 1 2902447 37377642
mult:2902447 1 321

outputs: 1 2902732 37377642
mult:2902732 1 377

outputs: 1 2906853 37377642
mult:2906853 1 336

outputs: 1 2907130 37377642
mult:2907130 1 560

outputs: 1 2907471 37377642
mult:2907471 1 315

outputs: 1 2911434 37377642
mult:2911434 1 256

outputs: 1 2912643 37377642
mult:2912643 1 297

outputs: 1 2912772 37377642
mult:2912772 1 273

outputs: 1 2921599 37377642
mult:2921599 1 349

outputs: 1 2928386 37377642
mult:2928386 1 464

outputs: 1 2928449 37377642
mult:2928449 1 285

outputs: 1 2931404 37377642
mult:2931404 1 412

outputs: 1 2933053 37377642
mult:2933053 1 257

outputs: 1 2936000 37377642
mult:2936000 1 295

outputs: 1 2937443 37377642
mult:2937443 1 456

outputs: 1 2939778 37377642
mult:2939778 1 253

outputs: 1 2950165 37377642
mult:2950165 1 299

outputs: 1 2957684 37377642
mult:2957684 1 288

outputs: 1 2958015 37377642
mult:2958015 1 368

outputs: 1 2962066 37377642
mult:2962066 1 289

outputs: 1 2963729 37377642
mult:2963729 1 420

outputs: 1 2965902 37377642
mult:2965902 1 497

outputs: 1 2969079 37377642
mult:2969079 1 355

outputs: 1 2971946 37377642
mult:2971946 1 305

outputs: 1 2973919 37377642
mult:2973919 1 519

outputs: 1 2982434 37377642
mult:2982434 1 461

outputs: 1 2986045 37377642
mult:2986045 1 263

outputs: 1 2986070 37377642
mult:2986070 1 348

outputs: 1 2987187 37377642
mult:2987187 1 346

outputs: 1 2998622 37377642
mult:2998622 1 520

outputs: 1 3004473 37377642
mult:3004473 1 250

outputs: 1 3006084 37377642
mult:3006084 1 323

outputs: 1 3009513 37377642
mult:3009513 1 507

outputs: 1 3010584 37377642
mult:3010584 1 328

outputs: 1 3012167 37377642
mult:3012167 1 251

outputs: 1 3017270 37377642
mult:3017270 1 293

outputs: 1 3017547 37377642
mult:3017547 1 398

outputs: 1 3020538 37377642
mult:3020538 1 506

outputs: 1 3043511 37377642
mult:3043511 1 366

outputs: 1 3044732 37377642
mult:3044732 1 292

outputs: 1 3046455 37377642
mult:3046455 1 265

outputs: 1 3051458 37377642
mult:3051458 1 397

outputs: 1 3051487 37377642
mult:3051487 1 304

outputs: 1 3053906 37377642
mult:3053906 1 378

outputs: 1 3060243 37377642
mult:3060243 1 417

outputs: 1 3068916 37377642
mult:3068916 1 896

outputs: 1 3083177 37377642
mult:3083177 1 447

outputs: 1 3088520 37377642
mult:3088520 1 308

outputs: 1 3091707 37377642
mult:3091707 1 298

outputs: 1 3093202 37377642
mult:3093202 1 513

outputs: 1 3096127 37377642
mult:3096127 1 406

outputs: 1 3097068 37377642
mult:3097068 1 324

outputs: 1 3100727 37377642
mult:3100727 1 292

outputs: 1 3102698 37377642
mult:3102698 1 248

outputs: 1 3104321 37377642
mult:3104321 1 277

outputs: 1 3110512 37377642
mult:3110512 1 321

outputs: 1 3111309 37377642
mult:3111309 1 563

outputs: 1 3114416 37377642
mult:3114416 1 379

outputs: 1 3115375 37377642
mult:3115375 1 394

outputs: 1 3120110 37377642
mult:3120110 1 287

outputs: 1 3121233 37377642
mult:3121233 1 393

outputs: 1 3121318 37377642
mult:3121318 1 261

outputs: 1 3128831 37377642
mult:3128831 1 287

outputs: 1 3133960 37377642
mult:3133960 1 425

outputs: 1 3134039 37377642
mult:3134039 1 277

outputs: 1 3142436 37377642
mult:3142436 1 322

outputs: 1 3153191 37377642
mult:3153191 1 286

outputs: 1 3153408 37377642
mult:3153408 1 296

outputs: 1 3156621 37377642
mult:3156621 1 274

outputs: 1 3163772 37377642
mult:3163772 1 929

outputs: 1 3167827 37377642
mult:3167827 1 555

outputs: 1 3168246 37377642
mult:3168246 1 238

outputs: 1 3170939 37377642
mult:3170939 1 498

outputs: 1 3172430 37377642
mult:3172430 1 402

outputs: 1 3176139 37377642
mult:3176139 1 359

outputs: 1 3177620 37377642
mult:3177620 1 269

outputs: 1 3182193 37377642
mult:3182193 1 306

outputs: 1 3184490 37377642
mult:3184490 1 324

outputs: 1 3188783 37377642
mult:3188783 1 292

outputs: 1 3194546 37377642
mult:3194546 1 267

outputs: 1 3197257 37377642
mult:3197257 1 343

outputs: 1 3212114 37377642
mult:3212114 1 627

outputs: 1 3212701 37377642
mult:3212701 1 428

outputs: 1 3215198 37377642
mult:3215198 1 322

outputs: 1 3216177 37377642
mult:3216177 1 249

outputs: 1 3231434 37377642
mult:3231434 1 306

outputs: 1 3238801 37377642
mult:3238801 1 381

outputs: 1 3239560 37377642
mult:3239560 1 258

outputs: 1 3241297 37377642
mult:3241297 1 270

outputs: 1 3248544 37377642
mult:3248544 1 275

outputs: 1 3250857 37377642
mult:3250857 1 252

outputs: 1 3258458 37377642
mult:3258458 1 390

outputs: 1 3260707 37377642
mult:3260707 1 427

outputs: 1 3268320 37377642
mult:3268320 1 278

outputs: 1 3270321 37377642
mult:3270321 1 333

outputs: 1 3286898 37377642
mult:3286898 1 345

outputs: 1 3289747 37377642
mult:3289747 1 265

outputs: 1 3294072 37377642
mult:3294072 1 370

outputs: 1 3295677 37377642
mult:3295677 1 461

outputs: 1 3297316 37377642
mult:3297316 1 366

outputs: 1 3299615 37377642
mult:3299615 1 344

outputs: 1 3321872 37377642
mult:3321872 1 400

outputs: 1 3323787 37377642
mult:3323787 1 359

outputs: 1 3328832 37377642
mult:3328832 1 407

outputs: 1 3342073 37377642
mult:3342073 1 464

outputs: 1 3343636 37377642
mult:3343636 1 321

outputs: 1 3345079 37377642
mult:3345079 1 1475

outputs: 1 3349154 37377642
mult:3349154 1 289

outputs: 1 3350031 37377642
mult:3350031 1 326

outputs: 1 3350610 37377642
mult:3350610 1 295

outputs: 1 3350895 37377642
mult:3350895 1 278

outputs: 1 3352422 37377642
mult:3352422 1 256

outputs: 1 3356845 37377642
mult:3356845 1 282

outputs: 1 3361468 37377642
mult:3361468 1 278

outputs: 1 3364889 37377642
mult:3364889 1 506

outputs: 1 3368034 37377642
mult:3368034 1 276

outputs: 1 3377071 37377642
mult:3377071 1 264

outputs: 1 3377934 37377642
mult:3377934 1 330

outputs: 1 3381861 37377642
mult:3381861 1 306

outputs: 1 3382234 37377642
mult:3382234 1 441

outputs: 1 3382441 37377642
mult:3382441 1 359

outputs: 1 3392818 37377642
mult:3392818 1 368

outputs: 1 3393831 37377642
mult:3393831 1 318

outputs: 1 3401112 37377642
mult:3401112 1 263

outputs: 1 3401127 37377642
mult:3401127 1 382

outputs: 1 3406910 37377642
mult:3406910 1 394

outputs: 1 3406993 37377642
mult:3406993 1 430

outputs: 1 3407178 37377642
mult:3407178 1 478

outputs: 1 3409757 37377642
mult:3409757 1 517

outputs: 1 3409822 37377642
mult:3409822 1 324

outputs: 1 3427459 37377642
mult:3427459 1 256

outputs: 1 3437608 37377642
mult:3437608 1 420

outputs: 1 3448509 37377642
mult:3448509 1 369

outputs: 1 3453406 37377642
mult:3453406 1 265

outputs: 1 3454937 37377642
mult:3454937 1 581

outputs: 1 3457684 37377642
mult:3457684 1 1476

outputs: 1 3463139 37377642
mult:3463139 1 388

outputs: 1 3468204 37377642
mult:3468204 1 368

outputs: 1 3480943 37377642
mult:3480943 1 542

outputs: 1 3482740 37377642
mult:3482740 1 293

outputs: 1 3484917 37377642
mult:3484917 1 335

outputs: 1 3485844 37377642
mult:3485844 1 385

outputs: 1 3487065 37377642
mult:3487065 1 412

outputs: 1 3487716 37377642
mult:3487716 1 312

outputs: 1 3489505 37377642
mult:3489505 1 314

outputs: 1 3494940 37377642
mult:3494940 1 356

outputs: 1 3502567 37377642
mult:3502567 1 329

outputs: 1 3507132 37377642
mult:3507132 1 292

outputs: 1 3507513 37377642
mult:3507513 1 292

outputs: 1 3510914 37377642
mult:3510914 1 587

outputs: 1 3511181 37377642
mult:3511181 1 645

outputs: 1 3513542 37377642
mult:3513542 1 246

outputs: 1 3519639 37377642
mult:3519639 1 277

outputs: 1 3527502 37377642
mult:3527502 1 242

outputs: 1 3527665 37377642
mult:3527665 1 320

outputs: 1 3528086 37377642
mult:3528086 1 254

outputs: 1 3528533 37377642
mult:3528533 1 465

outputs: 1 3530586 37377642
mult:3530586 1 287

outputs: 1 3534151 37377642
mult:3534151 1 355

outputs: 1 3536676 37377642
mult:3536676 1 540

outputs: 1 3539607 37377642
mult:3539607 1 493

outputs: 1 3555282 37377642
mult:3555282 1 415

outputs: 1 3556657 37377642
mult:3556657 1 397

outputs: 1 3558688 37377642
mult:3558688 1 270

outputs: 1 3566385 37377642
mult:3566385 1 314

outputs: 1 3568016 37377642
mult:3568016 1 550

outputs: 1 3568891 37377642
mult:3568891 1 361

outputs: 1 3570942 37377642
mult:3570942 1 255

outputs: 1 3579481 37377642
mult:3579481 1 320

outputs: 1 3584330 37377642
mult:3584330 1 541

outputs: 1 3587555 37377642
mult:3587555 1 473

outputs: 1 3587900 37377642
mult:3587900 1 324

outputs: 1 3589983 37377642
mult:3589983 1 266

outputs: 1 3590004 37377642
mult:3590004 1 330

outputs: 1 3593301 37377642
mult:3593301 1 280

outputs: 1 3597344 37377642
mult:3597344 1 344

outputs: 1 3600367 37377642
mult:3600367 1 502

outputs: 1 3614418 37377642
mult:3614418 1 253

outputs: 1 3617685 37377642
mult:3617685 1 322

outputs: 1 3626252 37377642
mult:3626252 1 270

outputs: 1 3634735 37377642
mult:3634735 1 604

outputs: 1 3638058 37377642
mult:3638058 1 273

outputs: 1 3639151 37377642
mult:3639151 1 388

outputs: 1 3645626 37377642
mult:3645626 1 287

outputs: 1 3646995 37377642
mult:3646995 1 493

outputs: 1 3648678 37377642
mult:3648678 1 367

outputs: 1 3654783 37377642
mult:3654783 1 406

outputs: 1 3656472 37377642
mult:3656472 1 436

outputs: 1 3665861 37377642
mult:3665861 1 420

outputs: 1 3668120 37377642
mult:3668120 1 313

outputs: 1 3676817 37377642
mult:3676817 1 397

outputs: 1 3683904 37377642
mult:3683904 1 599

outputs: 1 3686825 37377642
mult:3686825 1 334

outputs: 1 3688160 37377642
mult:3688160 1 308

outputs: 1 3693825 37377642
mult:3693825 1 425

outputs: 1 3694326 37377642
mult:3694326 1 331

outputs: 1 3714533 37377642
mult:3714533 1 402

outputs: 1 3732188 37377642
mult:3732188 1 344

outputs: 1 3736535 37377642
mult:3736535 1 279

outputs: 1 3737544 37377642
mult:3737544 1 372

outputs: 1 3740611 37377642
mult:3740611 1 494

outputs: 1 3745122 37377642
mult:3745122 1 276

outputs: 1 3746131 37377642
mult:3746131 1 331

outputs: 1 3752686 37377642
mult:3752686 1 383

outputs: 1 3757061 37377642
mult:3757061 1 322

outputs: 1 3758668 37377642
mult:3758668 1 405

outputs: 1 3759663 37377642
mult:3759663 1 409

outputs: 1 3764272 37377642
mult:3764272 1 614

outputs: 1 3766375 37377642
mult:3766375 1 276

outputs: 1 3769064 37377642
mult:3769064 1 613

outputs: 1 3773581 37377642
mult:3773581 1 311

outputs: 1 3779746 37377642
mult:3779746 1 417

outputs: 1 3793117 37377642
mult:3793117 1 271

outputs: 1 3794684 37377642
mult:3794684 1 280

outputs: 1 3797957 37377642
mult:3797957 1 337

outputs: 1 3799214 37377642
mult:3799214 1 324

outputs: 1 3800569 37377642
mult:3800569 1 252

outputs: 1 3805920 37377642
mult:3805920 1 443

outputs: 1 3811475 37377642
mult:3811475 1 840

outputs: 1 3811868 37377642
mult:3811868 1 392

outputs: 1 3814253 37377642
mult:3814253 1 266

outputs: 1 3820428 37377642
mult:3820428 1 313

outputs: 1 3824317 37377642
mult:3824317 1 276

outputs: 1 3840366 37377642
mult:3840366 1 286

outputs: 1 3846291 37377642
mult:3846291 1 243

outputs: 1 3852024 37377642
mult:3852024 1 290

outputs: 1 3852099 37377642
mult:3852099 1 274

outputs: 1 3852672 37377642
mult:3852672 1 383

outputs: 1 3853883 37377642
mult:3853883 1 534

outputs: 1 3863394 37377642
mult:3863394 1 397

outputs: 1 3870843 37377642
mult:3870843 1 394

outputs: 1 3871186 37377642
mult:3871186 1 349

outputs: 1 3874051 37377642
mult:3874051 1 299

outputs: 1 3875810 37377642
mult:3875810 1 420

outputs: 1 3877033 37377642
mult:3877033 1 507

outputs: 1 3879174 37377642
mult:3879174 1 328

outputs: 1 3879429 37377642
mult:3879429 1 265

outputs: 1 3898344 37377642
mult:3898344 1 383

outputs: 1 3902021 37377642
mult:3902021 1 259

outputs: 1 3902290 37377642
mult:3902290 1 396

outputs: 1 3906557 37377642
mult:3906557 1 488

outputs: 1 3907726 37377642
mult:3907726 1 391

outputs: 1 3908301 37377642
mult:3908301 1 303

outputs: 1 3908566 37377642
mult:3908566 1 261

outputs: 1 3909857 37377642
mult:3909857 1 298

outputs: 1 3911470 37377642
mult:3911470 1 379

outputs: 1 3911561 37377642
mult:3911561 1 420

outputs: 1 3915172 37377642
mult:3915172 1 537

outputs: 1 3920837 37377642
mult:3920837 1 303

outputs: 1 3933300 37377642
mult:3933300 1 433

outputs: 1 3936955 37377642
mult:3936955 1 253

outputs: 1 3941536 37377642
mult:3941536 1 576

outputs: 1 3946121 37377642
mult:3946121 1 372

outputs: 1 3948874 37377642
mult:3948874 1 584

outputs: 1 3950403 37377642
mult:3950403 1 251

outputs: 1 3954442 37377642
mult:3954442 1 352

outputs: 1 3957573 37377642
mult:3957573 1 281

outputs: 1 3959136 37377642
mult:3959136 1 270

outputs: 1 3966483 37377642
mult:3966483 1 328

outputs: 1 3966550 37377642
mult:3966550 1 281

outputs: 1 3969091 37377642
mult:3969091 1 352

outputs: 1 3969272 37377642
mult:3969272 1 320

outputs: 1 3975465 37377642
mult:3975465 1 1476

outputs: 1 3976152 37377642
mult:3976152 1 301

outputs: 1 3976495 37377642
mult:3976495 1 284

outputs: 1 3980042 37377642
mult:3980042 1 432

outputs: 1 3983377 37377642
mult:3983377 1 314

outputs: 1 3984108 37377642
mult:3984108 1 263

outputs: 1 3985661 37377642
mult:3985661 1 406

outputs: 1 3989204 37377642
mult:3989204 1 281

outputs: 1 3990531 37377642
mult:3990531 1 327

outputs: 1 3993828 37377642
mult:3993828 1 523

outputs: 1 3996213 37377642
mult:3996213 1 690

outputs: 1 3999172 37377642
mult:3999172 1 387

outputs: 1 4001167 37377642
mult:4001167 1 417

outputs: 1 4004142 37377642
mult:4004142 1 277

outputs: 1 4005189 37377642
mult:4005189 1 265

outputs: 1 4011812 37377642
mult:4011812 1 287

outputs: 1 4014505 37377642
mult:4014505 1 303

outputs: 1 4014744 37377642
mult:4014744 1 386

outputs: 1 4029569 37377642
mult:4029569 1 491

outputs: 1 4030130 37377642
mult:4030130 1 284

outputs: 1 4038501 37377642
mult:4038501 1 290

outputs: 1 4040010 37377642
mult:4040010 1 841

outputs: 1 4040507 37377642
mult:4040507 1 440

outputs: 1 4040934 37377642
mult:4040934 1 496

outputs: 1 4041427 37377642
mult:4041427 1 306

outputs: 1 4049762 37377642
mult:4049762 1 371

outputs: 1 4053049 37377642
mult:4053049 1 431

outputs: 1 4055150 37377642
mult:4055150 1 333

outputs: 1 4062261 37377642
mult:4062261 1 273

outputs: 1 4065682 37377642
mult:4065682 1 412

outputs: 1 4068923 37377642
mult:4068923 1 330

outputs: 1 4072518 37377642
mult:4072518 1 323

outputs: 1 4086275 37377642
mult:4086275 1 488

outputs: 1 4088018 37377642
mult:4088018 1 266

outputs: 1 4092813 37377642
mult:4092813 1 416

outputs: 1 4093442 37377642
mult:4093442 1 307

outputs: 1 4102543 37377642
mult:4102543 1 498

outputs: 1 4106448 37377642
mult:4106448 1 403

outputs: 1 4109257 37377642
mult:4109257 1 393

outputs: 1 4110612 37377642
mult:4110612 1 411

outputs: 1 4112159 37377642
mult:4112159 1 323

outputs: 1 4112310 37377642
mult:4112310 1 266

outputs: 1 4112573 37377642
mult:4112573 1 347

outputs: 1 4114578 37377642
mult:4114578 1 332

outputs: 1 4115331 37377642
mult:4115331 1 257

outputs: 1 4116922 37377642
mult:4116922 1 304

outputs: 1 4119905 37377642
mult:4119905 1 376

outputs: 1 4122780 37377642
mult:4122780 1 368

outputs: 1 4123213 37377642
mult:4123213 1 287

outputs: 1 4124164 37377642
mult:4124164 1 265

outputs: 1 4124389 37377642
mult:4124389 1 362

outputs: 1 4124536 37377642
mult:4124536 1 294

outputs: 1 4125511 37377642
mult:4125511 1 325

outputs: 1 4127140 37377642
mult:4127140 1 548

outputs: 1 4128171 37377642
mult:4128171 1 277

outputs: 1 4128726 37377642
mult:4128726 1 421

outputs: 1 4129139 37377642
mult:4129139 1 607

outputs: 1 4130904 37377642
mult:4130904 1 240

outputs: 1 4135249 37377642
mult:4135249 1 308

outputs: 1 4142634 37377642
mult:4142634 1 414

outputs: 1 4157921 37377642
mult:4157921 1 297

outputs: 1 4158692 37377642
mult:4158692 1 316

outputs: 1 4164309 37377642
mult:4164309 1 444

outputs: 1 4165356 37377642
mult:4165356 1 289

outputs: 1 4168355 37377642
mult:4168355 1 277

outputs: 1 4172294 37377642
mult:4172294 1 258

outputs: 1 4177031 37377642
mult:4177031 1 419

outputs: 1 4192162 37377642
mult:4192162 1 371

outputs: 1 4200917 37377642
mult:4200917 1 394

outputs: 1 4209840 37377642
mult:4209840 1 417

outputs: 1 4220211 37377642
mult:4220211 1 274

outputs: 1 4221002 37377642
mult:4221002 1 286

outputs: 1 4221035 37377642
mult:4221035 1 300

outputs: 1 4223384 37377642
mult:4223384 1 310

outputs: 1 4229025 37377642
mult:4229025 1 457

outputs: 1 4230824 37377642
mult:4230824 1 348

outputs: 1 4242661 37377642
mult:4242661 1 417

outputs: 1 4243606 37377642
mult:4243606 1 320

outputs: 1 4244733 37377642
mult:4244733 1 280

outputs: 1 4250988 37377642
mult:4250988 1 263

outputs: 1 4252981 37377642
mult:4252981 1 406

outputs: 1 4253022 37377642
mult:4253022 1 343

outputs: 1 4260957 37377642
mult:4260957 1 283

outputs: 1 4265580 37377642
mult:4265580 1 288

outputs: 1 4273039 37377642
mult:4273039 1 470

outputs: 1 4275838 37377642
mult:4275838 1 389

outputs: 1 4281685 37377642
mult:4281685 1 241

outputs: 1 4281772 37377642
mult:4281772 1 247

outputs: 1 4287213 37377642
mult:4287213 1 433

outputs: 1 4290406 37377642
mult:4290406 1 296

outputs: 1 4294007 37377642
mult:4294007 1 256

outputs: 1 4296106 37377642
mult:4296106 1 277

outputs: 1 4298233 37377642
mult:4298233 1 307

outputs: 1 4298322 37377642
mult:4298322 1 287

outputs: 1 4301797 37377642
mult:4301797 1 252

outputs: 1 4305142 37377642
mult:4305142 1 244

outputs: 1 4309547 37377642
mult:4309547 1 261

outputs: 1 4310158 37377642
mult:4310158 1 406

outputs: 1 4312747 37377642
mult:4312747 1 288

outputs: 1 4314142 37377642
mult:4314142 1 321

outputs: 1 4319923 37377642
mult:4319923 1 314

outputs: 1 4325208 37377642
mult:4325208 1 292

outputs: 1 4337813 37377642
mult:4337813 1 310

outputs: 1 4339480 37377642
mult:4339480 1 296

outputs: 1 4347915 37377642
mult:4347915 1 283

outputs: 1 4350508 37377642
mult:4350508 1 573

outputs: 1 4353801 37377642
mult:4353801 1 256

outputs: 1 4355604 37377642
mult:4355604 1 434

outputs: 1 4364059 37377642
mult:4364059 1 436

outputs: 1 4370070 37377642
mult:4370070 1 508

outputs: 1 4376671 37377642
mult:4376671 1 330

outputs: 1 4383210 37377642
mult:4383210 1 325

outputs: 1 4386267 37377642
mult:4386267 1 496

outputs: 1 4392544 37377642
mult:4392544 1 360

outputs: 1 4392757 37377642
mult:4392757 1 325

outputs: 1 4396616 37377642
mult:4396616 1 305

outputs: 1 4401579 37377642
mult:4401579 1 351

outputs: 1 4414248 37377642
mult:4414248 1 317

outputs: 1 4417809 37377642
mult:4417809 1 291

outputs: 1 4426066 37377642
mult:4426066 1 387

outputs: 1 4426819 37377642
mult:4426819 1 505

outputs: 1 4430380 37377642
mult:4430380 1 650

outputs: 1 4438513 37377642
mult:4438513 1 508

outputs: 1 4444936 37377642
mult:4444936 1 517

outputs: 1 4446199 37377642
mult:4446199 1 269

outputs: 1 4450230 37377642
mult:4450230 1 400

outputs: 1 4451089 37377642
mult:4451089 1 508

outputs: 1 4453138 37377642
mult:4453138 1 328

outputs: 1 4453319 37377642
mult:4453319 1 280

outputs: 1 4456694 37377642
mult:4456694 1 403

outputs: 1 4458215 37377642
mult:4458215 1 438

outputs: 1 4463352 37377642
mult:4463352 1 257

outputs: 1 4467807 37377642
mult:4467807 1 248

outputs: 1 4468686 37377642
mult:4468686 1 260

outputs: 1 4469797 37377642
mult:4469797 1 371

outputs: 1 4489836 37377642
mult:4489836 1 334

outputs: 1 4491621 37377642
mult:4491621 1 252

outputs: 1 4493084 37377642
mult:4493084 1 481

outputs: 1 4495529 37377642
mult:4495529 1 257

outputs: 1 4496964 37377642
mult:4496964 1 455

outputs: 1 4500701 37377642
mult:4500701 1 282

outputs: 1 4506320 37377642
mult:4506320 1 497

outputs: 1 4509645 37377642
mult:4509645 1 388

outputs: 1 4514886 37377642
mult:4514886 1 377

outputs: 1 4516375 37377642
mult:4516375 1 271

outputs: 1 4520874 37377642
mult:4520874 1 383

outputs: 1 4522023 37377642
mult:4522023 1 588

outputs: 1 4522090 37377642
mult:4522090 1 289

outputs: 1 4528915 37377642
mult:4528915 1 285

outputs: 1 4529960 37377642
mult:4529960 1 323

outputs: 1 4538123 37377642
mult:4538123 1 332

outputs: 1 4542032 37377642
mult:4542032 1 281

outputs: 1 4542067 37377642
mult:4542067 1 328

outputs: 1 4544206 37377642
mult:4544206 1 293

outputs: 1 4545909 37377642
mult:4545909 1 442

outputs: 1 4551398 37377642
mult:4551398 1 395

outputs: 1 4553287 37377642
mult:4553287 1 342

outputs: 1 4556326 37377642
mult:4556326 1 278

outputs: 1 4561803 37377642
mult:4561803 1 498

outputs: 1 4571962 37377642
mult:4571962 1 459

outputs: 1 4578327 37377642
mult:4578327 1 390

outputs: 1 4581112 37377642
mult:4581112 1 284

outputs: 1 4588905 37377642
mult:4588905 1 722

outputs: 1 4590372 37377642
mult:4590372 1 422

outputs: 1 4590409 37377642
mult:4590409 1 304

outputs: 1 4593588 37377642
mult:4593588 1 496

outputs: 1 4594333 37377642
mult:4594333 1 467

outputs: 1 4605118 37377642
mult:4605118 1 272

outputs: 1 4616807 37377642
mult:4616807 1 302

outputs: 1 4618312 37377642
mult:4618312 1 257

outputs: 1 4621699 37377642
mult:4621699 1 364

outputs: 1 4622892 37377642
mult:4622892 1 263

outputs: 1 4623297 37377642
mult:4623297 1 378

outputs: 1 4627748 37377642
mult:4627748 1 331

outputs: 1 4633751 37377642
mult:4633751 1 345

outputs: 1 4634440 37377642
mult:4634440 1 249

outputs: 1 4636541 37377642
mult:4636541 1 519

outputs: 1 4642608 37377642
mult:4642608 1 299

outputs: 1 4644599 37377642
mult:4644599 1 389

outputs: 1 4645512 37377642
mult:4645512 1 375

outputs: 1 4647403 37377642
mult:4647403 1 410

outputs: 1 4655554 37377642
mult:4655554 1 531

outputs: 1 4655627 37377642
mult:4655627 1 264

outputs: 1 4658590 37377642
mult:4658590 1 293

outputs: 1 4659455 37377642
mult:4659455 1 419

outputs: 1 4666552 37377642
mult:4666552 1 280

outputs: 1 4669001 37377642
mult:4669001 1 521

outputs: 1 4671372 37377642
mult:4671372 1 378

outputs: 1 4673401 37377642
mult:4673401 1 432

outputs: 1 4676942 37377642
mult:4676942 1 290

outputs: 1 4681889 37377642
mult:4681889 1 331

outputs: 1 4685948 37377642
mult:4685948 1 413

outputs: 1 4689527 37377642
mult:4689527 1 266

outputs: 1 4689686 37377642
mult:4689686 1 330

outputs: 1 4691043 37377642
mult:4691043 1 358

outputs: 1 4693246 37377642
mult:4693246 1 406

outputs: 1 4695501 37377642
mult:4695501 1 257

outputs: 1 4703674 37377642
mult:4703674 1 283

outputs: 1 4704259 37377642
mult:4704259 1 360

outputs: 1 4710378 37377642
mult:4710378 1 302

outputs: 1 4712285 37377642
mult:4712285 1 275

outputs: 1 4713510 37377642
mult:4713510 1 274

outputs: 1 4720333 37377642
mult:4720333 1 296

outputs: 1 4722698 37377642
mult:4722698 1 320

outputs: 1 4725297 37377642
mult:4725297 1 329

outputs: 1 4725702 37377642
mult:4725702 1 452

outputs: 1 4736769 37377642
mult:4736769 1 429

outputs: 1 4740354 37377642
mult:4740354 1 426

outputs: 1 4745549 37377642
mult:4745549 1 266

outputs: 1 4745820 37377642
mult:4745820 1 468

outputs: 1 4746869 37377642
mult:4746869 1 382

outputs: 1 4750226 37377642
mult:4750226 1 460

outputs: 1 4750395 37377642
mult:4750395 1 1469

outputs: 1 4758884 37377642
mult:4758884 1 292

outputs: 1 4759923 37377642
mult:4759923 1 430

outputs: 1 4764740 37377642
mult:4764740 1 315

outputs: 1 4777883 37377642
mult:4777883 1 408

outputs: 1 4782760 37377642
mult:4782760 1 286

outputs: 1 4793901 37377642
mult:4793901 1 256

outputs: 1 4795022 37377642
mult:4795022 1 294

outputs: 1 4795525 37377642
mult:4795525 1 612

outputs: 1 4796650 37377642
mult:4796650 1 390

outputs: 1 4797591 37377642
mult:4797591 1 273

outputs: 1 4798096 37377642
mult:4798096 1 304

outputs: 1 4804297 37377642
mult:4804297 1 307

outputs: 1 4811314 37377642
mult:4811314 1 241

outputs: 1 4811489 37377642
mult:4811489 1 292

outputs: 1 4812550 37377642
mult:4812550 1 413

outputs: 1 4814989 37377642
mult:4814989 1 326

outputs: 1 4816678 37377642
mult:4816678 1 262

outputs: 1 4818563 37377642
mult:4818563 1 1453

outputs: 1 4820218 37377642
mult:4820218 1 279

outputs: 1 4828389 37377642
mult:4828389 1 389

outputs: 1 4833768 37377642
mult:4833768 1 413

outputs: 1 4834967 37377642
mult:4834967 1 374

outputs: 1 4839306 37377642
mult:4839306 1 338

outputs: 1 4841119 37377642
mult:4841119 1 414

outputs: 1 4846344 37377642
mult:4846344 1 216

outputs: 1 4848211 37377642
mult:4848211 1 500

outputs: 1 4851408 37377642
mult:4851408 1 409

outputs: 1 4853551 37377642
mult:4853551 1 497

outputs: 1 4854594 37377642
mult:4854594 1 269

outputs: 1 4858445 37377642
mult:4858445 1 262

outputs: 1 4871556 37377642
mult:4871556 1 343

outputs: 1 4871849 37377642
mult:4871849 1 330

outputs: 1 4872880 37377642
mult:4872880 1 266

outputs: 1 4876077 37377642
mult:4876077 1 295

outputs: 1 4877392 37377642
mult:4877392 1 434

outputs: 1 4880847 37377642
mult:4880847 1 427

outputs: 1 4882174 37377642
mult:4882174 1 421

outputs: 1 4888737 37377642
mult:4888737 1 451

outputs: 1 4897560 37377642
mult:4897560 1 424

outputs: 1 4898373 37377642
mult:4898373 1 289

outputs: 1 4926924 37377642
mult:4926924 1 396

outputs: 1 4929229 37377642
mult:4929229 1 239

outputs: 1 4932784 37377642
mult:4932784 1 493

outputs: 1 4934853 37377642
mult:4934853 1 383

outputs: 1 4942576 37377642
mult:4942576 1 278

outputs: 1 4944981 37377642
mult:4944981 1 388

outputs: 1 4946614 37377642
mult:4946614 1 481

outputs: 1 4948691 37377642
mult:4948691 1 412

outputs: 1 4963988 37377642
mult:4963988 1 335

outputs: 1 4966165 37377642
mult:4966165 1 273

outputs: 1 4972176 37377642
mult:4972176 1 487

outputs: 1 4972475 37377642
mult:4972475 1 245

outputs: 1 4976766 37377642
mult:4976766 1 468

outputs: 1 4986887 37377642
mult:4986887 1 575

outputs: 1 4988314 37377642
mult:4988314 1 624

outputs: 1 4989463 37377642
mult:4989463 1 335

outputs: 1 4991664 37377642
mult:4991664 1 433

outputs: 1 4991741 37377642
mult:4991741 1 429

outputs: 1 4993596 37377642
mult:4993596 1 299

outputs: 1 4995067 37377642
mult:4995067 1 240

outputs: 1 4995192 37377642
mult:4995192 1 460

outputs: 1 5004307 37377642
mult:5004307 1 407

outputs: 1 5008270 37377642
mult:5008270 1 592

outputs: 1 5013183 37377642
mult:5013183 1 368

outputs: 1 5014054 37377642
mult:5014054 1 315

outputs: 1 5018559 37377642
mult:5018559 1 520

outputs: 1 5020970 37377642
mult:5020970 1 694

outputs: 1 5026727 37377642
mult:5026727 1 468

outputs: 1 5031774 37377642
mult:5031774 1 257

outputs: 1 5031793 37377642
mult:5031793 1 334

outputs: 1 5033840 37377642
mult:5033840 1 347

outputs: 1 5034467 37377642
mult:5034467 1 588

outputs: 1 5034968 37377642
mult:5034968 1 274

outputs: 1 5035321 37377642
mult:5035321 1 309

outputs: 1 5040016 37377642
mult:5040016 1 379

outputs: 1 5046585 37377642
mult:5046585 1 329

outputs: 1 5056992 37377642
mult:5056992 1 323

outputs: 1 5063861 37377642
mult:5063861 1 271

outputs: 1 5064880 37377642
mult:5064880 1 276

outputs: 1 5065735 37377642
mult:5065735 1 1472

outputs: 1 5068568 37377642
mult:5068568 1 388

outputs: 1 5077161 37377642
mult:5077161 1 404

outputs: 1 5077980 37377642
mult:5077980 1 365

outputs: 1 5086365 37377642
mult:5086365 1 294

outputs: 1 5088988 37377642
mult:5088988 1 492

outputs: 1 5089039 37377642
mult:5089039 1 273

outputs: 1 5089660 37377642
mult:5089660 1 301

outputs: 1 5090109 37377642
mult:5090109 1 294

outputs: 1 5093560 37377642
mult:5093560 1 364

outputs: 1 5095423 37377642
mult:5095423 1 688

outputs: 1 5095944 37377642
mult:5095944 1 353

outputs: 1 5102473 37377642
mult:5102473 1 271

outputs: 1 5116372 37377642
mult:5116372 1 373

outputs: 1 5126703 37377642
mult:5126703 1 673

outputs: 1 5130762 37377642
mult:5130762 1 286

outputs: 1 5136649 37377642
mult:5136649 1 289

outputs: 1 5144922 37377642
mult:5144922 1 399

outputs: 1 5148097 37377642
mult:5148097 1 267

outputs: 1 5151798 37377642
mult:5151798 1 254

outputs: 1 5156299 37377642
mult:5156299 1 346

outputs: 1 5156524 37377642
mult:5156524 1 328

outputs: 1 5161833 37377642
mult:5161833 1 364

outputs: 1 5166814 37377642
mult:5166814 1 495

outputs: 1 5170143 37377642
mult:5170143 1 388

outputs: 1 5173212 37377642
mult:5173212 1 256

outputs: 1 5179081 37377642
mult:5179081 1 414

outputs: 1 5185578 37377642
mult:5185578 1 406

outputs: 1 5200267 37377642
mult:5200267 1 377

outputs: 1 5225342 37377642
mult:5225342 1 428

outputs: 1 5226569 37377642
mult:5226569 1 304

outputs: 1 5234774 37377642
mult:5234774 1 409

outputs: 1 5241965 37377642
mult:5241965 1 269

outputs: 1 5244318 37377642
mult:5244318 1 359

outputs: 1 5250017 37377642
mult:5250017 1 296

outputs: 1 5252092 37377642
mult:5252092 1 298

outputs: 1 5264885 37377642
mult:5264885 1 467

outputs: 1 5275540 37377642
mult:5275540 1 322

outputs: 1 5277493 37377642
mult:5277493 1 485

outputs: 1 5280608 37377642
mult:5280608 1 257

outputs: 1 5285073 37377642
mult:5285073 1 268

outputs: 1 5288048 37377642
mult:5288048 1 253

outputs: 1 5290483 37377642
mult:5290483 1 812

outputs: 1 5290596 37377642
mult:5290596 1 414

outputs: 1 5292145 37377642
mult:5292145 1 309

outputs: 1 5296360 37377642
mult:5296360 1 432

outputs: 1 5305197 37377642
mult:5305197 1 382

outputs: 1 5306356 37377642
mult:5306356 1 399

outputs: 1 5312729 37377642
mult:5312729 1 297

outputs: 1 5316622 37377642
mult:5316622 1 378

outputs: 1 5317187 37377642
mult:5317187 1 261

outputs: 1 5319646 37377642
mult:5319646 1 261

outputs: 1 5347485 37377642
mult:5347485 1 354

outputs: 1 5351196 37377642
mult:5351196 1 341

outputs: 1 5353179 37377642
mult:5353179 1 300

outputs: 1 5353998 37377642
mult:5353998 1 401

outputs: 1 5358769 37377642
mult:5358769 1 331

outputs: 1 5359498 37377642
mult:5359498 1 262

outputs: 1 5368847 37377642
mult:5368847 1 373

outputs: 1 5379544 37377642
mult:5379544 1 379

outputs: 1 5380451 37377642
mult:5380451 1 310

outputs: 1 5381548 37377642
mult:5381548 1 270

outputs: 1 5386339 37377642
mult:5386339 1 292

outputs: 1 5391338 37377642
mult:5391338 1 417

outputs: 1 5394313 37377642
mult:5394313 1 535

outputs: 1 5399412 37377642
mult:5399412 1 418

outputs: 1 5403973 37377642
mult:5403973 1 283

outputs: 1 5406336 37377642
mult:5406336 1 247

outputs: 1 5413733 37377642
mult:5413733 1 276

outputs: 1 5416210 37377642
mult:5416210 1 439

outputs: 1 5416853 37377642
mult:5416853 1 427

outputs: 1 5416936 37377642
mult:5416936 1 309

outputs: 1 5416979 37377642
mult:5416979 1 615

outputs: 1 5418738 37377642
mult:5418738 1 383

outputs: 1 5421911 37377642
mult:5421911 1 464

outputs: 1 5423222 37377642
mult:5423222 1 464

outputs: 1 5426835 37377642
mult:5426835 1 427

outputs: 1 5427056 37377642
mult:5427056 1 295

outputs: 1 5430247 37377642
mult:5430247 1 459

outputs: 1 5430390 37377642
mult:5430390 1 296

outputs: 1 5449563 37377642
mult:5449563 1 300

outputs: 1 5452440 37377642
mult:5452440 1 276

outputs: 1 5453045 37377642
mult:5453045 1 278

outputs: 1 5455858 37377642
mult:5455858 1 308

outputs: 1 5456173 37377642
mult:5456173 1 397

outputs: 1 5459204 37377642
mult:5459204 1 463

outputs: 1 5464809 37377642
mult:5464809 1 312

outputs: 1 5465888 37377642
mult:5465888 1 276

outputs: 1 5467733 37377642
mult:5467733 1 304

outputs: 1 5471820 37377642
mult:5471820 1 453

outputs: 1 5474253 37377642
mult:5474253 1 443

outputs: 1 5474906 37377642
mult:5474906 1 279

outputs: 1 5477195 37377642
mult:5477195 1 340

outputs: 1 5492552 37377642
mult:5492552 1 488

outputs: 1 5493615 37377642
mult:5493615 1 347

outputs: 1 5496594 37377642
mult:5496594 1 245

outputs: 1 5498845 37377642
mult:5498845 1 288

outputs: 1 5499484 37377642
mult:5499484 1 287

outputs: 1 5507769 37377642
mult:5507769 1 382

outputs: 1 5508052 37377642
mult:5508052 1 284

outputs: 1 5526485 37377642
mult:5526485 1 269

outputs: 1 5527610 37377642
mult:5527610 1 607

outputs: 1 5528109 37377642
mult:5528109 1 276

outputs: 1 5534902 37377642
mult:5534902 1 297

outputs: 1 5539349 37377642
mult:5539349 1 308

outputs: 1 5554210 37377642
mult:5554210 1 288

outputs: 1 5555595 37377642
mult:5555595 1 336

outputs: 1 5560316 37377642
mult:5560316 1 261

outputs: 1 5565791 37377642
mult:5565791 1 420

outputs: 1 5568894 37377642
mult:5568894 1 420

outputs: 1 5572635 37377642
mult:5572635 1 376

outputs: 1 5574614 37377642
mult:5574614 1 272

outputs: 1 5578465 37377642
mult:5578465 1 338

outputs: 1 5578602 37377642
mult:5578602 1 294

outputs: 1 5588501 37377642
mult:5588501 1 264

outputs: 1 5589074 37377642
mult:5589074 1 326

outputs: 1 5598695 37377642
mult:5598695 1 268

outputs: 1 5600388 37377642
mult:5600388 1 326

outputs: 1 5601833 37377642
mult:5601833 1 380

outputs: 1 5609608 37377642
mult:5609608 1 413

outputs: 1 5618675 37377642
mult:5618675 1 277

outputs: 1 5624792 37377642
mult:5624792 1 266

outputs: 1 5646545 37377642
mult:5646545 1 370

outputs: 1 5648556 37377642
mult:5648556 1 309

outputs: 1 5655351 37377642
mult:5655351 1 362

outputs: 1 5659222 37377642
mult:5659222 1 337

outputs: 1 5663319 37377642
mult:5663319 1 601

outputs: 1 5671886 37377642
mult:5671886 1 322

outputs: 1 5672325 37377642
mult:5672325 1 462

outputs: 1 5676746 37377642
mult:5676746 1 596

outputs: 1 5688667 37377642
mult:5688667 1 309

outputs: 1 5689752 37377642
mult:5689752 1 381

outputs: 1 5698571 37377642
mult:5698571 1 334

outputs: 1 5702768 37377642
mult:5702768 1 250

outputs: 1 5703839 37377642
mult:5703839 1 277

outputs: 1 5706524 37377642
mult:5706524 1 879

outputs: 1 5714001 37377642
mult:5714001 1 411

outputs: 1 5717852 37377642
mult:5717852 1 372

outputs: 1 5724297 37377642
mult:5724297 1 246

outputs: 1 5727322 37377642
mult:5727322 1 390

outputs: 1 5730991 37377642
mult:5730991 1 498

outputs: 1 5739108 37377642
mult:5739108 1 354

outputs: 1 5741835 37377642
mult:5741835 1 282

outputs: 1 5743082 37377642
mult:5743082 1 249

outputs: 1 5745963 37377642
mult:5745963 1 443

outputs: 1 5746642 37377642
mult:5746642 1 550

outputs: 1 5759537 37377642
mult:5759537 1 416

outputs: 1 5768988 37377642
mult:5768988 1 276

outputs: 1 5771245 37377642
mult:5771245 1 390

outputs: 1 5778370 37377642
mult:5778370 1 302

outputs: 1 5780659 37377642
mult:5780659 1 264

outputs: 1 5787168 37377642
mult:5787168 1 301

outputs: 1 5788145 37377642
mult:5788145 1 366

outputs: 1 5797490 37377642
mult:5797490 1 342

outputs: 1 5801149 37377642
mult:5801149 1 272

outputs: 1 5803996 37377642
mult:5803996 1 286

outputs: 1 5805547 37377642
mult:5805547 1 330

outputs: 1 5813798 37377642
mult:5813798 1 325

outputs: 1 5821381 37377642
mult:5821381 1 345

outputs: 1 5824310 37377642
mult:5824310 1 260

outputs: 1 5834571 37377642
mult:5834571 1 474

outputs: 1 5839486 37377642
mult:5839486 1 394

outputs: 1 5839815 37377642
mult:5839815 1 320

outputs: 1 5845220 37377642
mult:5845220 1 254

outputs: 1 5845327 37377642
mult:5845327 1 469

outputs: 1 5848358 37377642
mult:5848358 1 363

outputs: 1 5860539 37377642
mult:5860539 1 305

outputs: 1 5872548 37377642
mult:5872548 1 276

outputs: 1 5876639 37377642
mult:5876639 1 325

outputs: 1 5882900 37377642
mult:5882900 1 702

outputs: 1 5885151 37377642
mult:5885151 1 361

outputs: 1 5886056 37377642
mult:5886056 1 335

outputs: 1 5891655 37377642
mult:5891655 1 502

outputs: 1 5901600 37377642
mult:5901600 1 458

outputs: 1 5906587 37377642
mult:5906587 1 238

outputs: 1 5920204 37377642
mult:5920204 1 250

outputs: 1 5932173 37377642
mult:5932173 1 252

outputs: 1 5934038 37377642
mult:5934038 1 483

outputs: 1 5937495 37377642
mult:5937495 1 551

outputs: 1 5944618 37377642
mult:5944618 1 336

outputs: 1 5949557 37377642
mult:5949557 1 345

outputs: 1 5950154 37377642
mult:5950154 1 283

outputs: 1 5950893 37377642
mult:5950893 1 280

outputs: 1 5953916 37377642
mult:5953916 1 322

outputs: 1 5957043 37377642
mult:5957043 1 347

outputs: 1 5957610 37377642
mult:5957610 1 424

outputs: 1 5972543 37377642
mult:5972543 1 272

outputs: 1 5973504 37377642
mult:5973504 1 316

outputs: 1 5973899 37377642
mult:5973899 1 261

outputs: 1 5974628 37377642
mult:5974628 1 1474

outputs: 1 5981353 37377642
mult:5981353 1 384

outputs: 1 5983202 37377642
mult:5983202 1 311

outputs: 1 5983551 37377642
mult:5983551 1 645

outputs: 1 5984476 37377642
mult:5984476 1 290

outputs: 1 5992519 37377642
mult:5992519 1 291

outputs: 1 5993346 37377642
mult:5993346 1 350

outputs: 1 5999159 37377642
mult:5999159 1 431

outputs: 1 6007850 37377642
mult:6007850 1 476

outputs: 1 6015369 37377642
mult:6015369 1 297

outputs: 1 6017814 37377642
mult:6017814 1 333

outputs: 1 6022259 37377642
mult:6022259 1 371

outputs: 1 6048856 37377642
mult:6048856 1 350

outputs: 1 6051651 37377642
mult:6051651 1 262

outputs: 1 6056426 37377642
mult:6056426 1 336

outputs: 1 6058951 37377642
mult:6058951 1 439

outputs: 1 6068176 37377642
mult:6068176 1 409

outputs: 1 6074057 37377642
mult:6074057 1 443

outputs: 1 6074262 37377642
mult:6074262 1 294

outputs: 1 6080163 37377642
mult:6080163 1 327

outputs: 1 6086442 37377642
mult:6086442 1 352

outputs: 1 6087929 37377642
mult:6087929 1 1475

outputs: 1 6091138 37377642
mult:6091138 1 269

outputs: 1 6091373 37377642
mult:6091373 1 296

outputs: 1 6097108 37377642
mult:6097108 1 382

outputs: 1 6099457 37377642
mult:6099457 1 264

outputs: 1 6100654 37377642
mult:6100654 1 263

outputs: 1 6102703 37377642
mult:6102703 1 410

outputs: 1 6103438 37377642
mult:6103438 1 279

outputs: 1 6103921 37377642
mult:6103921 1 450

outputs: 1 6107642 37377642
mult:6107642 1 807

outputs: 1 6110927 37377642
mult:6110927 1 294

outputs: 1 6114922 37377642
mult:6114922 1 392

outputs: 1 6115717 37377642
mult:6115717 1 468

outputs: 1 6121104 37377642
mult:6121104 1 308

outputs: 1 6141965 37377642
mult:6141965 1 453

outputs: 1 6142024 37377642
mult:6142024 1 270

outputs: 1 6144061 37377642
mult:6144061 1 298

outputs: 1 6151264 37377642
mult:6151264 1 402

outputs: 1 6157417 37377642
mult:6157417 1 275

outputs: 1 6166740 37377642
mult:6166740 1 356

outputs: 1 6170457 37377642
mult:6170457 1 483

outputs: 1 6182822 37377642
mult:6182822 1 421

outputs: 1 6185881 37377642
mult:6185881 1 274

outputs: 1 6187508 37377642
mult:6187508 1 396

outputs: 1 6188847 37377642
mult:6188847 1 251

outputs: 1 6190380 37377642
mult:6190380 1 378

outputs: 1 6192791 37377642
mult:6192791 1 431

outputs: 1 6195732 37377642
mult:6195732 1 243

outputs: 1 6196115 37377642
mult:6196115 1 441

outputs: 1 6197006 37377642
mult:6197006 1 244

outputs: 1 6200971 37377642
mult:6200971 1 321

outputs: 1 6215214 37377642
mult:6215214 1 432

outputs: 1 6217223 37377642
mult:6217223 1 434

outputs: 1 6221318 37377642
mult:6221318 1 457

outputs: 1 6225283 37377642
mult:6225283 1 254

outputs: 1 6230328 37377642
mult:6230328 1 474

outputs: 1 6232963 37377642
mult:6232963 1 268

outputs: 1 6235718 37377642
mult:6235718 1 478

outputs: 1 6235775 37377642
mult:6235775 1 400

outputs: 1 6239344 37377642
mult:6239344 1 443

outputs: 1 6240177 37377642
mult:6240177 1 306

outputs: 1 6241868 37377642
mult:6241868 1 270

outputs: 1 6244341 37377642
mult:6244341 1 262

outputs: 1 6246892 37377642
mult:6246892 1 397

outputs: 1 6247705 37377642
mult:6247705 1 518

outputs: 1 6255632 37377642
mult:6255632 1 371

outputs: 1 6256683 37377642
mult:6256683 1 408

outputs: 1 6257550 37377642
mult:6257550 1 434

outputs: 1 6258605 37377642
mult:6258605 1 394

outputs: 1 6262292 37377642
mult:6262292 1 324

outputs: 1 6264079 37377642
mult:6264079 1 361

outputs: 1 6265534 37377642
mult:6265534 1 249

outputs: 1 6273351 37377642
mult:6273351 1 305

outputs: 1 6275754 37377642
mult:6275754 1 298

outputs: 1 6281645 37377642
mult:6281645 1 334

outputs: 1 6285402 37377642
mult:6285402 1 417

outputs: 1 6293875 37377642
mult:6293875 1 442

outputs: 1 6297012 37377642
mult:6297012 1 458

outputs: 1 6316537 37377642
mult:6316537 1 565

outputs: 1 6329696 37377642
mult:6329696 1 248

outputs: 1 6333773 37377642
mult:6333773 1 352

outputs: 1 6335834 37377642
mult:6335834 1 449

outputs: 1 6340369 37377642
mult:6340369 1 426

outputs: 1 6346430 37377642
mult:6346430 1 471

outputs: 1 6346815 37377642
mult:6346815 1 330

outputs: 1 6348936 37377642
mult:6348936 1 297

outputs: 1 6349941 37377642
mult:6349941 1 276

outputs: 1 6360728 37377642
mult:6360728 1 465

outputs: 1 6363133 37377642
mult:6363133 1 328

outputs: 1 6363262 37377642
mult:6363262 1 303

outputs: 1 6364807 37377642
mult:6364807 1 358

outputs: 1 6364814 37377642
mult:6364814 1 258

outputs: 1 6382695 37377642
mult:6382695 1 241

outputs: 1 6382796 37377642
mult:6382796 1 278

outputs: 1 6383531 37377642
mult:6383531 1 279

outputs: 1 6391500 37377642
mult:6391500 1 282

outputs: 1 6394027 37377642
mult:6394027 1 266

outputs: 1 6395582 37377642
mult:6395582 1 423

outputs: 1 6400851 37377642
mult:6400851 1 413

outputs: 1 6401064 37377642
mult:6401064 1 481

outputs: 1 6405871 37377642
mult:6405871 1 489

outputs: 1 6421470 37377642
mult:6421470 1 412

outputs: 1 6427839 37377642
mult:6427839 1 410

outputs: 1 6429434 37377642
mult:6429434 1 333

outputs: 1 6430267 37377642
mult:6430267 1 293

outputs: 1 6443146 37377642
mult:6443146 1 249

outputs: 1 6452029 37377642
mult:6452029 1 453

outputs: 1 6453344 37377642
mult:6453344 1 309

outputs: 1 6453815 37377642
mult:6453815 1 288

outputs: 1 6458076 37377642
mult:6458076 1 227

outputs: 1 6470945 37377642
mult:6470945 1 423

outputs: 1 6473542 37377642
mult:6473542 1 365

outputs: 1 6473643 37377642
mult:6473643 1 264

outputs: 1 6474718 37377642
mult:6474718 1 299

outputs: 1 6475915 37377642
mult:6475915 1 413

outputs: 1 6478308 37377642
mult:6478308 1 303

outputs: 1 6490407 37377642
mult:6490407 1 288

outputs: 1 6494200 37377642
mult:6494200 1 331

outputs: 1 6494935 37377642
mult:6494935 1 333

outputs: 1 6495534 37377642
mult:6495534 1 304

outputs: 1 6508349 37377642
mult:6508349 1 334

outputs: 1 6513646 37377642
mult:6513646 1 246

outputs: 1 6515787 37377642
mult:6515787 1 275

outputs: 1 6519322 37377642
mult:6519322 1 356

outputs: 1 6519895 37377642
mult:6519895 1 306

outputs: 1 6519976 37377642
mult:6519976 1 371

outputs: 1 6527405 37377642
mult:6527405 1 284

outputs: 1 6527664 37377642
mult:6527664 1 250

outputs: 1 6529921 37377642
mult:6529921 1 286

outputs: 1 6533358 37377642
mult:6533358 1 271

outputs: 1 6536797 37377642
mult:6536797 1 353

outputs: 1 6548880 37377642
mult:6548880 1 557

outputs: 1 6552739 37377642
mult:6552739 1 267

outputs: 1 6555964 37377642
mult:6555964 1 278

outputs: 1 6561575 37377642
mult:6561575 1 282

outputs: 1 6561966 37377642
mult:6561966 1 393

outputs: 1 6566083 37377642
mult:6566083 1 261

outputs: 1 6587336 37377642
mult:6587336 1 249

outputs: 1 6592425 37377642
mult:6592425 1 276

outputs: 1 6592726 37377642
mult:6592726 1 370

outputs: 1 6608895 37377642
mult:6608895 1 559

outputs: 1 6609944 37377642
mult:6609944 1 374

outputs: 1 6610563 37377642
mult:6610563 1 306

outputs: 1 6611602 37377642
mult:6611602 1 302

outputs: 1 6639209 37377642
mult:6639209 1 606

outputs: 1 6641914 37377642
mult:6641914 1 383

outputs: 1 6645905 37377642
mult:6645905 1 363

outputs: 1 6648246 37377642
mult:6648246 1 362

outputs: 1 6648551 37377642
mult:6648551 1 443

outputs: 1 6657382 37377642
mult:6657382 1 405

outputs: 1 6658739 37377642
mult:6658739 1 624

outputs: 1 6664352 37377642
mult:6664352 1 454

outputs: 1 6665139 37377642
mult:6665139 1 498

outputs: 1 6666374 37377642
mult:6666374 1 325

outputs: 1 6666427 37377642
mult:6666427 1 376

outputs: 1 6672016 37377642
mult:6672016 1 291

outputs: 1 6675497 37377642
mult:6675497 1 408

outputs: 1 6679754 37377642
mult:6679754 1 442

outputs: 1 6681775 37377642
mult:6681775 1 431

outputs: 1 6682314 37377642
mult:6682314 1 408

outputs: 1 6682951 37377642
mult:6682951 1 485

outputs: 1 6686948 37377642
mult:6686948 1 461

outputs: 1 6694137 37377642
mult:6694137 1 265

outputs: 1 6696154 37377642
mult:6696154 1 345

outputs: 1 6697689 37377642
mult:6697689 1 270

outputs: 1 6706784 37377642
mult:6706784 1 352

outputs: 1 6712121 37377642
mult:6712121 1 311

outputs: 1 6713616 37377642
mult:6713616 1 268

outputs: 1 6715049 37377642
mult:6715049 1 244

outputs: 1 6720294 37377642
mult:6720294 1 401

outputs: 1 6722409 37377642
mult:6722409 1 619

outputs: 1 6723434 37377642
mult:6723434 1 260

outputs: 1 6732155 37377642
mult:6732155 1 419

outputs: 1 6735892 37377642
mult:6735892 1 326

outputs: 1 6737617 37377642
mult:6737617 1 400

outputs: 1 6739344 37377642
mult:6739344 1 278

outputs: 1 6740539 37377642
mult:6740539 1 418

outputs: 1 6743520 37377642
mult:6743520 1 345

outputs: 1 6744941 37377642
mult:6744941 1 339

outputs: 1 6747510 37377642
mult:6747510 1 421

outputs: 1 6751247 37377642
mult:6751247 1 318

outputs: 1 6751266 37377642
mult:6751266 1 375

outputs: 1 6752477 37377642
mult:6752477 1 388

outputs: 1 6761380 37377642
mult:6761380 1 248

outputs: 1 6769683 37377642
mult:6769683 1 333

outputs: 1 6772830 37377642
mult:6772830 1 408

outputs: 1 6776103 37377642
mult:6776103 1 348

outputs: 1 6792082 37377642
mult:6792082 1 259

outputs: 1 6794137 37377642
mult:6794137 1 346

outputs: 1 6800208 37377642
mult:6800208 1 413

outputs: 1 6802933 37377642
mult:6802933 1 1472

outputs: 1 6808216 37377642
mult:6808216 1 433

outputs: 1 6808709 37377642
mult:6808709 1 305

outputs: 1 6817254 37377642
mult:6817254 1 480

outputs: 1 6835029 37377642
mult:6835029 1 378

outputs: 1 6860796 37377642
mult:6860796 1 314

outputs: 1 6869977 37377642
mult:6869977 1 377

outputs: 1 6869984 37377642
mult:6869984 1 1407

outputs: 1 6875809 37377642
mult:6875809 1 328

outputs: 1 6881564 37377642
mult:6881564 1 342

outputs: 1 6882413 37377642
mult:6882413 1 494

outputs: 1 6883602 37377642
mult:6883602 1 449

outputs: 1 6889295 37377642
mult:6889295 1 425

outputs: 1 6893252 37377642
mult:6893252 1 388

outputs: 1 6898889 37377642
mult:6898889 1 349

outputs: 1 6899534 37377642
mult:6899534 1 347

outputs: 1 6907935 37377642
mult:6907935 1 440

outputs: 1 6913958 37377642
mult:6913958 1 311

outputs: 1 6917989 37377642
mult:6917989 1 334

outputs: 1 6918586 37377642
mult:6918586 1 333

outputs: 1 6926217 37377642
mult:6926217 1 251

outputs: 1 6929132 37377642
mult:6929132 1 353

outputs: 1 6931403 37377642
mult:6931403 1 438

outputs: 1 6932338 37377642
mult:6932338 1 261

outputs: 1 6937019 37377642
mult:6937019 1 373

outputs: 1 6939386 37377642
mult:6939386 1 360

outputs: 1 6939503 37377642
mult:6939503 1 342

outputs: 1 6949688 37377642
mult:6949688 1 374

outputs: 1 6951855 37377642
mult:6951855 1 694

outputs: 1 6952774 37377642
mult:6952774 1 518

outputs: 1 6960205 37377642
mult:6960205 1 332

outputs: 1 6961378 37377642
mult:6961378 1 291

outputs: 1 6964235 37377642
mult:6964235 1 393

outputs: 1 6967188 37377642
mult:6967188 1 265

outputs: 1 6971879 37377642
mult:6971879 1 455

outputs: 1 6972444 37377642
mult:6972444 1 380

outputs: 1 6973497 37377642
mult:6973497 1 361

outputs: 1 6974764 37377642
mult:6974764 1 367

outputs: 1 6975047 37377642
mult:6975047 1 389

outputs: 1 6975056 37377642
mult:6975056 1 268

outputs: 1 6975175 37377642
mult:6975175 1 334

outputs: 1 6978636 37377642
mult:6978636 1 283

outputs: 1 6980465 37377642
mult:6980465 1 337

outputs: 1 6981492 37377642
mult:6981492 1 328

outputs: 1 6982723 37377642
mult:6982723 1 264

outputs: 1 6984802 37377642
mult:6984802 1 488

outputs: 1 6989411 37377642
mult:6989411 1 349

outputs: 1 6990764 37377642
mult:6990764 1 495

outputs: 1 6995425 37377642
mult:6995425 1 1473

outputs: 1 6998364 37377642
mult:6998364 1 420

outputs: 1 7009831 37377642
mult:7009831 1 301

outputs: 1 7021314 37377642
mult:7021314 1 307

outputs: 1 7022231 37377642
mult:7022231 1 257

outputs: 1 7032668 37377642
mult:7032668 1 326

outputs: 1 7039941 37377642
mult:7039941 1 415

outputs: 1 7050404 37377642
mult:7050404 1 383

outputs: 1 7054729 37377642
mult:7054729 1 299

outputs: 1 7057976 37377642
mult:7057976 1 278

outputs: 1 7061937 37377642
mult:7061937 1 332

outputs: 1 7069664 37377642
mult:7069664 1 255

outputs: 1 7077019 37377642
mult:7077019 1 385

outputs: 1 7088866 37377642
mult:7088866 1 469

outputs: 1 7102761 37377642
mult:7102761 1 465

outputs: 1 7104424 37377642
mult:7104424 1 373

outputs: 1 7117769 37377642
mult:7117769 1 415

outputs: 1 7118556 37377642
mult:7118556 1 295

outputs: 1 7127747 37377642
mult:7127747 1 286

outputs: 1 7129378 37377642
mult:7129378 1 288

outputs: 1 7134859 37377642
mult:7134859 1 298

outputs: 1 7152318 37377642
mult:7152318 1 374

outputs: 1 7157831 37377642
mult:7157831 1 330

outputs: 1 7160742 37377642
mult:7160742 1 442

outputs: 1 7165993 37377642
mult:7165993 1 298

outputs: 1 7168506 37377642
mult:7168506 1 320

outputs: 1 7175357 37377642
mult:7175357 1 240

outputs: 1 7177588 37377642
mult:7177588 1 276

outputs: 1 7178761 37377642
mult:7178761 1 687

outputs: 1 7180106 37377642
mult:7180106 1 259

outputs: 1 7188837 37377642
mult:7188837 1 295

outputs: 1 7192440 37377642
mult:7192440 1 299

outputs: 1 7199011 37377642
mult:7199011 1 264

outputs: 1 7203650 37377642
mult:7203650 1 386

outputs: 1 7208081 37377642
mult:7208081 1 395

outputs: 1 7210210 37377642
mult:7210210 1 497

outputs: 1 7230369 37377642
mult:7230369 1 431

outputs: 1 7231770 37377642
mult:7231770 1 259

outputs: 1 7234707 37377642
mult:7234707 1 363

outputs: 1 7240770 37377642
mult:7240770 1 453

outputs: 1 7241157 37377642
mult:7241157 1 277

outputs: 1 7246628 37377642
mult:7246628 1 310

outputs: 1 7247271 37377642
mult:7247271 1 493

outputs: 1 7255400 37377642
mult:7255400 1 409

outputs: 1 7257061 37377642
mult:7257061 1 277

outputs: 1 7260406 37377642
mult:7260406 1 456

outputs: 1 7260787 37377642
mult:7260787 1 502

outputs: 1 7268500 37377642
mult:7268500 1 425

outputs: 1 7269339 37377642
mult:7269339 1 409

outputs: 1 7273474 37377642
mult:7273474 1 501

outputs: 1 7277633 37377642
mult:7277633 1 273

outputs: 1 7281214 37377642
mult:7281214 1 349

outputs: 1 7285433 37377642
mult:7285433 1 264

outputs: 1 7286880 37377642
mult:7286880 1 544

outputs: 1 7288723 37377642
mult:7288723 1 689

outputs: 1 7302978 37377642
mult:7302978 1 511

outputs: 1 7303763 37377642
mult:7303763 1 281

outputs: 1 7304472 37377642
mult:7304472 1 332

outputs: 1 7305495 37377642
mult:7305495 1 260

outputs: 1 7311120 37377642
mult:7311120 1 384

outputs: 1 7315325 37377642
mult:7315325 1 490

outputs: 1 7323618 37377642
mult:7323618 1 471

outputs: 1 7325273 37377642
mult:7325273 1 325

outputs: 1 7325274 37377642
mult:7325274 1 253

outputs: 1 7326495 37377642
mult:7326495 1 324

outputs: 1 7330508 37377642
mult:7330508 1 284

outputs: 1 7337767 37377642
mult:7337767 1 294

outputs: 1 7351974 37377642
mult:7351974 1 293

outputs: 1 7356293 37377642
mult:7356293 1 455

outputs: 1 7358204 37377642
mult:7358204 1 352

outputs: 1 7365901 37377642
mult:7365901 1 300

outputs: 1 7366506 37377642
mult:7366506 1 345

outputs: 1 7369361 37377642
mult:7369361 1 340

outputs: 1 7369376 37377642
mult:7369376 1 422

outputs: 1 7381589 37377642
mult:7381589 1 260

outputs: 1 7391592 37377642
mult:7391592 1 296

outputs: 1 7393091 37377642
mult:7393091 1 410

outputs: 1 7398018 37377642
mult:7398018 1 346

outputs: 1 7398419 37377642
mult:7398419 1 587

outputs: 1 7398534 37377642
mult:7398534 1 734

outputs: 1 7403797 37377642
mult:7403797 1 418

outputs: 1 7404260 37377642
mult:7404260 1 404

outputs: 1 7409397 37377642
mult:7409397 1 469

outputs: 1 7416194 37377642
mult:7416194 1 393

outputs: 1 7420161 37377642
mult:7420161 1 342

outputs: 1 7423964 37377642
mult:7423964 1 264

outputs: 1 7428951 37377642
mult:7428951 1 258

outputs: 1 7430938 37377642
mult:7430938 1 371

outputs: 1 7431477 37377642
mult:7431477 1 245

outputs: 1 7434536 37377642
mult:7434536 1 299

outputs: 1 7435213 37377642
mult:7435213 1 249

outputs: 1 7435546 37377642
mult:7435546 1 328

outputs: 1 7438951 37377642
mult:7438951 1 299

outputs: 1 7458296 37377642
mult:7458296 1 436

outputs: 1 7465143 37377642
mult:7465143 1 263

outputs: 1 7471648 37377642
mult:7471648 1 550

outputs: 1 7476723 37377642
mult:7476723 1 400

outputs: 1 7478168 37377642
mult:7478168 1 419

outputs: 1 7496055 37377642
mult:7496055 1 271

outputs: 1 7500758 37377642
mult:7500758 1 276

outputs: 1 7504735 37377642
mult:7504735 1 480

outputs: 1 7508528 37377642
mult:7508528 1 245

outputs: 1 7516905 37377642
mult:7516905 1 500

outputs: 1 7525070 37377642
mult:7525070 1 272

outputs: 1 7528551 37377642
mult:7528551 1 354

outputs: 1 7542566 37377642
mult:7542566 1 328

outputs: 1 7545343 37377642
mult:7545343 1 391

outputs: 1 7554260 37377642
mult:7554260 1 471

outputs: 1 7554861 37377642
mult:7554861 1 256

outputs: 1 7561616 37377642
mult:7561616 1 314

outputs: 1 7565119 37377642
mult:7565119 1 363

outputs: 1 7565716 37377642
mult:7565716 1 256

outputs: 1 7566679 37377642
mult:7566679 1 325

outputs: 1 7575230 37377642
mult:7575230 1 413

outputs: 1 7587887 37377642
mult:7587887 1 263

outputs: 1 7591684 37377642
mult:7591684 1 297

outputs: 1 7593083 37377642
mult:7593083 1 336

outputs: 1 7595848 37377642
mult:7595848 1 288

outputs: 1 7600809 37377642
mult:7600809 1 429

outputs: 1 7603924 37377642
mult:7603924 1 317

outputs: 1 7606183 37377642
mult:7606183 1 443

outputs: 1 7614242 37377642
mult:7614242 1 389

outputs: 1 7627005 37377642
mult:7627005 1 318

outputs: 1 7634514 37377642
mult:7634514 1 278

outputs: 1 7642025 37377642
mult:7642025 1 354

outputs: 1 7644350 37377642
mult:7644350 1 480

outputs: 1 7644427 37377642
mult:7644427 1 455

outputs: 1 7644878 37377642
mult:7644878 1 308

outputs: 1 7645683 37377642
mult:7645683 1 323

outputs: 1 7655196 37377642
mult:7655196 1 378

outputs: 1 7664153 37377642
mult:7664153 1 469

outputs: 1 7667370 37377642
mult:7667370 1 440

outputs: 1 7677409 37377642
mult:7677409 1 370

outputs: 1 7680662 37377642
mult:7680662 1 427

outputs: 1 7686065 37377642
mult:7686065 1 294

outputs: 1 7692902 37377642
mult:7692902 1 474

outputs: 1 7704885 37377642
mult:7704885 1 678

outputs: 1 7706714 37377642
mult:7706714 1 471

outputs: 1 7712343 37377642
mult:7712343 1 327

outputs: 1 7716518 37377642
mult:7716518 1 311

outputs: 1 7717057 37377642
mult:7717057 1 298

outputs: 1 7718598 37377642
mult:7718598 1 330

outputs: 1 7731975 37377642
mult:7731975 1 700

outputs: 1 7738704 37377642
mult:7738704 1 252

outputs: 1 7747919 37377642
mult:7747919 1 362

outputs: 1 7748752 37377642
mult:7748752 1 352

outputs: 1 7750879 37377642
mult:7750879 1 388

outputs: 1 7755548 37377642
mult:7755548 1 364

outputs: 1 7758011 37377642
mult:7758011 1 304

outputs: 1 7762912 37377642
mult:7762912 1 401

outputs: 1 7763561 37377642
mult:7763561 1 539

outputs: 1 7772326 37377642
mult:7772326 1 570

outputs: 1 7772635 37377642
mult:7772635 1 315

outputs: 1 7780014 37377642
mult:7780014 1 337

outputs: 1 7784663 37377642
mult:7784663 1 299

outputs: 1 7784900 37377642
mult:7784900 1 374

outputs: 1 7793959 37377642
mult:7793959 1 409

outputs: 1 7794510 37377642
mult:7794510 1 407

outputs: 1 7798697 37377642
mult:7798697 1 290

outputs: 1 7802708 37377642
mult:7802708 1 340

outputs: 1 7805035 37377642
mult:7805035 1 503

outputs: 1 7806392 37377642
mult:7806392 1 552

outputs: 1 7808963 37377642
mult:7808963 1 437

outputs: 1 7809834 37377642
mult:7809834 1 500

outputs: 1 7811387 37377642
mult:7811387 1 253

outputs: 1 7814020 37377642
mult:7814020 1 1022

outputs: 1 7818349 37377642
mult:7818349 1 315

outputs: 1 7819256 37377642
mult:7819256 1 409

outputs: 1 7820509 37377642
mult:7820509 1 395

outputs: 1 7821390 37377642
mult:7821390 1 503

outputs: 1 7827771 37377642
mult:7827771 1 385

outputs: 1 7830894 37377642
mult:7830894 1 346

outputs: 1 7835279 37377642
mult:7835279 1 647

outputs: 1 7838322 37377642
mult:7838322 1 453

outputs: 1 7839457 37377642
mult:7839457 1 264

outputs: 1 7841636 37377642
mult:7841636 1 334

outputs: 1 7843495 37377642
mult:7843495 1 260

outputs: 1 7845052 37377642
mult:7845052 1 361

outputs: 1 7845077 37377642
mult:7845077 1 334

outputs: 1 7853608 37377642
mult:7853608 1 269

outputs: 1 7854599 37377642
mult:7854599 1 367

outputs: 1 7856114 37377642
mult:7856114 1 298

outputs: 1 7860723 37377642
mult:7860723 1 373

outputs: 1 7865862 37377642
mult:7865862 1 488

outputs: 1 7870715 37377642
mult:7870715 1 432

outputs: 1 7871346 37377642
mult:7871346 1 389

outputs: 1 7872695 37377642
mult:7872695 1 312

outputs: 1 7879934 37377642
mult:7879934 1 360

outputs: 1 7882733 37377642
mult:7882733 1 332

outputs: 1 7885408 37377642
mult:7885408 1 365

outputs: 1 7893383 37377642
mult:7893383 1 398

outputs: 1 7896940 37377642
mult:7896940 1 429

outputs: 1 7902299 37377642
mult:7902299 1 406

outputs: 1 7906002 37377642
mult:7906002 1 325

outputs: 1 7906391 37377642
mult:7906391 1 260

outputs: 1 7907178 37377642
mult:7907178 1 359

outputs: 1 7909851 37377642
mult:7909851 1 255

outputs: 1 7918378 37377642
mult:7918378 1 323

outputs: 1 7919635 37377642
mult:7919635 1 314

outputs: 1 7921764 37377642
mult:7921764 1 498
